"DATE:" "3/2/2015 3:13:44 PM"
"FILE:" "C:\Users\AndersenLab\Desktop\wmicrotracker\p00011\20150302_1411"
"SUBPROJECT:" "20150302_pyrantel"

"<<<<<< Group Activity: Average Activity Counts per Data Interval>>>>>>"
Group/Time[m] 2 4 6 8 10 12 14 16 18 20 22 24 26 28 30 32 34 36 38 40 42 44 46 48 50 52 54 56 58 60
"000_Group0" 23 20 24 14 28 26 21 19 20 35 24 28 23 20 25 25 31 24 29 23 20 31 26 23 26 22 17 16 20 20
"001_Group1" 12 10 13 20 23 23 27 25 23 29 28 13 18 27 16 22 12 15 21 22 24 17 17 18 24 16 21 20 25 28
"002_Group2" 6 19 16 14 14 19 13 14 20 13 9 13 15 17 10 20 13 19 18 18 15 18 18 12 24 15 17 21 17 12
"003_Group3" 11 13 20 12 13 14 16 15 16 18 19 15 18 15 15 23 13 26 16 14 12 19 21 25 27 16 12 17 14 15
"004_Group4" 17 23 19 18 15 20 14 17 15 19 21 13 17 18 17 16 18 18 19 23 16 20 29 17 23 20 23 24 25 20
"005_Group5" 13 16 11 11 12 16 11 15 15 13 11 16 11 12 16 16 20 23 20 23 23 21 32 22 23 20 12 28 26 20
"006_Group6" 24 13 14 10 10 9 12 14 13 7 7 11 14 16 17 22 30 18 21 33 19 25 21 23 30 30 22 25 33 24
"007_Group7" 10 17 11 19 15 10 11 14 18 11 7 9 11 15 15 13 12 18 12 13 15 13 9 13 9 13 15 16 10 12
"008_Group8" 22 21 14 19 20 20 17 18 20 26 34 19 26 18 18 23 21 19 22 27 25 24 31 32 27 29 27 30 21 22
"009_Group9" 30 16 21 21 21 30 22 20 23 20 16 15 22 22 18 20 17 12 15 22 18 16 27 15 22 24 24 25 14 9
"010_Group10" 19 29 30 23 19 24 25 13 14 19 21 25 24 26 16 21 25 22 21 20 16 16 16 11 19 16 16 16 15 12
"011_Group11" 19 24 19 21 15 16 13 14 20 16 10 12 18 15 15 13 16 20 18 24 21 16 20 16 18 14 16 15 16 13
"012_Group12" 14 24 19 9 11 12 13 20 15 14 18 14 14 14 20 20 23 18 17 11 16 18 22 11 13 10 13 14 19 22
"013_Group13" 11 10 12 17 20 9 8 9 10 16 16 12 16 14 13 18 22 21 14 17 16 17 26 27 19 20 18 23 21 12
"014_Group14" 10 11 11 10 10 12 11 9 12 9 8 13 8 12 6 11 11 9 17 16 8 12 12 11 12 10 18 15 13 11
"015_Group15" 12 10 8 11 7 12 11 16 11 13 8 16 14 13 12 10 8 19 11 11 12 8 11 9 8 15 14 11 16 6
"016_Group16" 26 21 8 7 36 38 34 33 14 30 37 28 35 42 40 40 29 40 33 39 32 32 12 23 34 27 23 24 27 27
"017_Group17" 39 47 38 32 28 40 32 35 22 16 20 14 13 16 25 18 20 15 25 20 20 21 20 23 13 17 19 16 21 26
"018_Group18" 21 32 24 33 38 31 22 23 28 34 35 30 24 18 21 20 17 11 13 20 29 18 25 21 20 14 18 18 26 21
"019_Group19" 28 36 28 19 27 32 28 17 13 12 14 16 15 17 22 18 17 17 17 24 13 21 21 18 20 27 17 30 23 19
"020_Group20" 12 23 25 18 16 19 16 17 13 18 14 11 18 16 17 15 30 23 17 22 27 21 17 23 19 28 27 22 33 23
"021_Group21" 21 31 8 13 13 13 16 13 16 11 13 14 15 18 26 18 15 20 27 20 27 26 36 27 30 36 31 29 27 24
"022_Group22" 10 15 11 11 11 10 15 9 7 11 9 9 14 14 16 10 13 15 14 8 15 15 18 12 17 19 21 22 11 15
"023_Group23" 17 11 11 13 6 11 6 10 10 11 10 12 14 14 9 11 8 11 14 11 12 10 11 10 9 16 13 17 13 12
"024_Group24" 12 14 12 13 14 16 19 17 26 25 25 33 28 25 23 25 21 21 23 24 23 18 16 18 22 30 24 19 20 14
"025_Group25" 13 12 13 12 20 31 32 19 20 16 18 16 18 18 21 15 18 15 18 15 15 15 19 14 23 17 16 22 16 11
"026_Group26" 21 13 15 20 20 23 17 13 15 13 17 16 15 21 26 20 18 15 17 22 20 18 20 21 16 23 29 20 22 12
"027_Group27" 15 21 20 12 14 15 18 13 15 13 19 14 17 15 15 13 19 15 16 15 10 10 15 20 18 10 7 18 14 11
"028_Group28" 17 20 17 12 15 14 13 16 19 17 13 17 17 19 14 12 11 13 15 14 13 24 21 19 15 18 17 17 25 11
"029_Group29" 12 14 11 10 14 12 13 14 16 12 11 9 11 11 14 12 13 11 9 12 8 16 12 8 9 14 12 23 23 22
"030_Group30" 6 15 8 9 11 13 6 13 5 12 8 9 10 10 12 18 11 11 7 8 14 8 19 12 15 11 6 15 9 16
"031_Group31" 6 12 11 10 11 10 14 14 12 8 8 10 9 12 12 8 13 14 12 10 11 12 19 8 9 11 12 13 7 7
"032_Group32" 15 11 8 2 6 26 22 31 32 29 32 36 37 37 51 34 37 40 29 26 45 33 30 33 25 19 24 36 41 41
"033_Group33" 13 14 1 13 9 29 14 19 32 30 19 18 22 27 27 17 38 30 29 39 21 19 15 25 22 24 34 34 34 28
"034_Group34" 0 7 10 15 32 29 30 35 35 31 21 31 33 30 23 20 14 29 21 18 18 19 23 21 19 18 20 21 14 21
"035_Group35" 34 29 22 16 19 18 20 23 26 16 17 22 18 25 14 15 15 16 15 17 18 18 24 20 13 25 20 21 16 18
"036_Group36" 27 25 14 16 15 18 17 14 16 13 14 16 16 19 16 24 29 24 18 17 25 21 25 19 18 30 24 23 18 12
"037_Group37" 24 16 16 13 19 12 14 12 11 18 17 13 19 25 19 13 12 23 27 26 22 24 21 24 15 20 32 18 23 20
"038_Group38" 24 10 13 11 14 12 10 8 7 13 16 16 14 11 11 7 11 14 16 14 11 21 17 27 25 24 26 35 22 15
"039_Group39" 20 14 6 12 14 8 8 14 8 6 9 11 12 18 16 15 20 13 21 12 18 16 15 14 14 16 14 21 12 12
"040_Group40" 31 32 16 20 28 16 23 14 18 27 32 24 25 30 29 33 33 29 29 24 20 20 25 28 31 31 20 31 28 18
"041_Group41" 27 21 11 7 17 25 15 25 14 21 17 12 8 17 13 17 17 11 12 16 12 14 10 20 17 18 16 13 12 11
"042_Group42" 24 34 29 26 15 14 22 24 18 20 22 21 13 18 16 17 20 22 23 22 19 21 18 20 19 23 21 16 23 21
"043_Group43" 11 19 13 15 12 12 17 23 13 24 16 17 21 16 15 15 20 20 21 27 16 12 16 16 19 18 16 20 28 19
"044_Group44" 13 14 23 22 18 21 23 20 17 15 14 12 20 11 20 11 14 21 18 17 19 17 14 11 20 20 15 23 17 23
"045_Group45" 14 8 9 9 6 11 15 14 19 18 21 16 14 15 11 12 12 20 20 17 21 24 20 26 23 21 23 22 19 19
"046_Group46" 19 10 14 10 9 10 5 8 10 9 23 17 14 13 15 11 15 16 14 19 11 12 17 15 8 33 21 19 21 18
"047_Group47" 15 9 8 11 4 6 5 13 13 11 12 11 13 8 5 13 7 7 12 9 13 10 9 8 11 15 12 13 14 16
"048_Group48" 17 17 17 17 24 31 30 28 31 20 28 29 34 35 28 28 21 19 35 30 34 26 30 29 15 20 17 16 25 26
"049_Group49" 12 13 28 34 41 27 31 20 21 18 17 15 18 21 13 16 20 17 20 18 17 16 29 25 28 27 19 17 22 19
"050_Group50" 6 21 17 23 20 22 19 22 17 16 16 18 17 16 20 22 16 23 19 28 19 16 17 14 19 21 17 11 17 11
"051_Group51" 20 19 13 11 14 16 15 15 18 22 21 26 17 23 23 17 16 16 17 13 25 19 12 15 15 12 14 19 19 16
"052_Group52" 14 21 7 8 10 13 6 12 17 12 15 12 12 10 12 17 16 17 20 22 20 23 25 31 29 28 33 28 13 15
"053_Group53" 6 14 10 11 10 9 12 9 9 14 12 12 14 16 14 22 23 21 16 23 30 24 29 15 19 18 21 20 15 13
"054_Group54" 12 15 7 9 9 9 9 11 12 14 8 10 11 8 14 15 15 24 9 17 23 18 17 12 11 16 22 25 21 17
"055_Group55" 18 11 9 12 8 6 8 10 12 22 19 17 16 17 21 19 18 17 18 17 24 26 31 16 14 19 16 26 17 17
"056_Group56" 14 21 26 29 15 29 27 31 24 19 25 23 23 24 26 23 25 24 26 18 16 17 17 26 16 20 22 13 15 25
"057_Group57" 16 27 16 22 20 24 25 28 25 22 21 19 21 20 13 15 21 12 15 15 17 19 18 18 23 15 21 21 26 16
"058_Group58" 20 21 19 12 29 27 22 25 21 24 17 28 33 27 27 26 22 17 13 24 17 16 17 18 13 16 14 9 20 17
"059_Group59" 31 26 19 35 23 12 25 21 17 22 18 18 16 21 12 22 26 17 20 18 13 21 13 18 21 21 17 13 19 18
"060_Group60" 18 15 14 14 13 22 17 24 16 18 14 19 13 20 12 15 16 17 22 16 13 14 13 12 16 19 19 17 20 20
"061_Group61" 4 14 12 10 12 10 20 18 7 12 13 13 13 13 15 10 11 14 14 14 23 20 14 16 14 14 12 15 14 12
"062_Group62" 12 13 18 10 14 8 12 10 13 12 8 6 12 9 18 13 12 17 18 20 15 11 13 19 14 16 18 22 23 13
"063_Group63" 10 12 9 10 7 10 12 14 10 7 16 11 9 11 12 11 13 17 9 8 13 13 13 8 12 20 8 6 6 9
"064_Group64" 8 14 4 18 16 16 6 27 20 34 29 30 29 21 33 24 28 23 24 24 28 17 29 27 27 24 36 41 27 30
"065_Group65" 10 13 9 15 18 15 20 16 18 19 20 26 22 26 32 29 32 33 30 29 30 22 21 25 21 20 28 28 29 19
"066_Group66" 13 17 27 21 13 14 21 17 20 23 25 16 28 20 29 22 27 19 24 19 24 19 32 15 22 14 13 12 10 13
"067_Group67" 22 22 16 19 20 12 10 14 11 16 19 15 13 17 20 25 24 19 24 21 20 27 15 16 12 25 20 13 12 12
"068_Group68" 20 21 18 15 11 12 23 19 17 17 18 18 15 16 15 17 15 15 16 25 17 24 28 25 27 26 26 30 28 16
"069_Group69" 12 10 17 11 11 8 11 11 10 20 16 16 20 27 23 24 20 14 24 13 15 18 20 24 24 34 24 26 28 13
"070_Group70" 11 12 11 11 6 14 15 12 11 13 11 15 17 13 11 17 22 18 24 17 16 22 20 19 20 15 22 23 18 22
"071_Group71" 14 12 8 8 10 6 8 13 14 13 12 9 10 12 11 14 15 16 15 16 12 15 17 17 17 26 27 28 19 17
"072_Group72" 0 0 10 13 7 15 25 12 25 37 42 40 35 35 48 37 36 36 41 24 37 30 25 20 26 31 32 28 22 17
"073_Group73" 12 5 7 21 23 25 34 47 38 38 36 32 41 34 27 23 25 22 26 32 32 27 30 17 22 27 18 18 16 24
"074_Group74" 20 36 31 36 23 21 28 35 20 20 23 29 27 30 26 24 22 16 18 17 17 16 16 18 25 22 25 22 26 17
"075_Group75" 21 42 31 43 26 28 26 19 16 24 14 13 15 15 12 18 24 22 27 23 14 18 24 11 18 13 14 14 17 25
"076_Group76" 28 35 23 18 19 15 17 25 34 18 11 18 10 14 16 24 23 26 16 21 21 25 21 15 18 28 26 24 21 23
"077_Group77" 32 24 15 13 12 22 13 15 15 17 13 17 14 12 10 12 20 23 18 17 30 30 24 21 27 28 25 29 31 26
"078_Group78" 21 14 14 14 10 14 10 9 9 15 11 11 11 6 16 11 8 10 16 16 19 21 18 21 11 12 11 18 13 16
"079_Group79" 20 16 9 11 12 10 11 12 18 12 8 11 12 14 19 12 20 13 23 18 11 16 13 10 15 22 15 14 14 11
"080_Group80" 5 17 18 19 21 12 16 16 15 20 15 23 32 25 23 22 22 17 22 24 22 17 20 23 20 20 15 22 26 18
"081_Group81" 20 12 14 16 12 18 17 16 21 16 18 18 18 16 13 18 24 22 19 19 15 23 13 14 17 12 11 10 11 9
"082_Group82" 13 31 23 17 16 18 20 14 22 20 14 20 16 17 20 17 16 14 14 13 12 17 19 12 18 11 15 23 17 8
"083_Group83" 22 27 16 9 13 19 17 20 26 14 13 16 15 21 13 13 26 18 10 14 14 10 18 30 17 25 12 22 18 17
"084_Group84" 6 19 21 15 20 17 16 18 15 16 22 12 22 17 15 18 16 10 17 16 16 17 19 19 14 17 20 13 15 18
"085_Group85" 16 14 12 11 13 15 11 13 6 14 15 16 16 18 19 16 16 18 21 21 25 27 17 38 22 25 24 21 15 16
"086_Group86" 13 12 12 8 11 14 10 10 11 15 13 18 18 21 21 26 26 13 27 23 20 19 28 23 29 28 26 21 20 17
"087_Group87" 17 13 12 7 7 14 16 13 10 15 12 12 15 18 22 23 15 16 22 21 31 24 22 24 18 21 24 24 13 6
"088_Group88" 8 28 35 26 24 23 19 16 22 29 17 27 30 36 26 24 25 28 24 27 30 28 21 32 20 22 26 26 19 19
"089_Group89" 18 32 29 12 16 22 29 23 24 28 20 19 17 23 21 19 20 25 21 23 26 18 32 10 18 24 20 21 24 25
"090_Group90" 18 27 44 28 21 30 34 16 19 22 20 20 26 20 13 17 19 17 21 22 22 19 16 21 18 19 23 22 21 19
"091_Group91" 20 20 19 13 21 15 14 17 14 15 14 19 25 16 22 21 15 19 20 8 19 14 15 19 17 15 19 14 14 11
"092_Group92" 30 20 21 16 19 10 17 14 20 19 12 13 12 19 13 15 19 19 16 13 16 21 26 21 27 22 16 12 17 23
"093_Group93" 14 17 13 18 19 12 11 16 14 12 14 16 10 15 16 16 16 18 21 16 17 16 18 23 30 24 23 20 16 23
"094_Group94" 9 18 9 19 13 14 17 14 7 9 9 10 15 10 14 15 12 14 15 20 22 29 19 12 25 24 17 16 32 17
"095_Group95" 11 15 14 9 11 11 11 15 10 10 13 16 12 15 16 15 13 20 16 12 16 10 19 16 18 16 20 21 16 10

"<<<<<< Group Activity: Number of wells/group >>>>>>"
Group/Time[m] 2 4 6 8 10 12 14 16 18 20 22 24 26 28 30 32 34 36 38 40 42 44 46 48 50 52 54 56 58 60
"000_Group0" 1 1 1 1 1 1 1 1 1 1 1 1 1 1 1 1 1 1 1 1 1 1 1 1 1 1 1 1 1 1
"001_Group1" 1 1 1 1 1 1 1 1 1 1 1 1 1 1 1 1 1 1 1 1 1 1 1 1 1 1 1 1 1 1
"002_Group2" 1 1 1 1 1 1 1 1 1 1 1 1 1 1 1 1 1 1 1 1 1 1 1 1 1 1 1 1 1 1
"003_Group3" 1 1 1 1 1 1 1 1 1 1 1 1 1 1 1 1 1 1 1 1 1 1 1 1 1 1 1 1 1 1
"004_Group4" 1 1 1 1 1 1 1 1 1 1 1 1 1 1 1 1 1 1 1 1 1 1 1 1 1 1 1 1 1 1
"005_Group5" 1 1 1 1 1 1 1 1 1 1 1 1 1 1 1 1 1 1 1 1 1 1 1 1 1 1 1 1 1 1
"006_Group6" 1 1 1 1 1 1 1 1 1 1 1 1 1 1 1 1 1 1 1 1 1 1 1 1 1 1 1 1 1 1
"007_Group7" 1 1 1 1 1 1 1 1 1 1 1 1 1 1 1 1 1 1 1 1 1 1 1 1 1 1 1 1 1 1
"008_Group8" 1 1 1 1 1 1 1 1 1 1 1 1 1 1 1 1 1 1 1 1 1 1 1 1 1 1 1 1 1 1
"009_Group9" 1 1 1 1 1 1 1 1 1 1 1 1 1 1 1 1 1 1 1 1 1 1 1 1 1 1 1 1 1 1
"010_Group10" 1 1 1 1 1 1 1 1 1 1 1 1 1 1 1 1 1 1 1 1 1 1 1 1 1 1 1 1 1 1
"011_Group11" 1 1 1 1 1 1 1 1 1 1 1 1 1 1 1 1 1 1 1 1 1 1 1 1 1 1 1 1 1 1
"012_Group12" 1 1 1 1 1 1 1 1 1 1 1 1 1 1 1 1 1 1 1 1 1 1 1 1 1 1 1 1 1 1
"013_Group13" 1 1 1 1 1 1 1 1 1 1 1 1 1 1 1 1 1 1 1 1 1 1 1 1 1 1 1 1 1 1
"014_Group14" 1 1 1 1 1 1 1 1 1 1 1 1 1 1 1 1 1 1 1 1 1 1 1 1 1 1 1 1 1 1
"015_Group15" 1 1 1 1 1 1 1 1 1 1 1 1 1 1 1 1 1 1 1 1 1 1 1 1 1 1 1 1 1 1
"016_Group16" 1 1 1 1 1 1 1 1 1 1 1 1 1 1 1 1 1 1 1 1 1 1 1 1 1 1 1 1 1 1
"017_Group17" 1 1 1 1 1 1 1 1 1 1 1 1 1 1 1 1 1 1 1 1 1 1 1 1 1 1 1 1 1 1
"018_Group18" 1 1 1 1 1 1 1 1 1 1 1 1 1 1 1 1 1 1 1 1 1 1 1 1 1 1 1 1 1 1
"019_Group19" 1 1 1 1 1 1 1 1 1 1 1 1 1 1 1 1 1 1 1 1 1 1 1 1 1 1 1 1 1 1
"020_Group20" 1 1 1 1 1 1 1 1 1 1 1 1 1 1 1 1 1 1 1 1 1 1 1 1 1 1 1 1 1 1
"021_Group21" 1 1 1 1 1 1 1 1 1 1 1 1 1 1 1 1 1 1 1 1 1 1 1 1 1 1 1 1 1 1
"022_Group22" 1 1 1 1 1 1 1 1 1 1 1 1 1 1 1 1 1 1 1 1 1 1 1 1 1 1 1 1 1 1
"023_Group23" 1 1 1 1 1 1 1 1 1 1 1 1 1 1 1 1 1 1 1 1 1 1 1 1 1 1 1 1 1 1
"024_Group24" 1 1 1 1 1 1 1 1 1 1 1 1 1 1 1 1 1 1 1 1 1 1 1 1 1 1 1 1 1 1
"025_Group25" 1 1 1 1 1 1 1 1 1 1 1 1 1 1 1 1 1 1 1 1 1 1 1 1 1 1 1 1 1 1
"026_Group26" 1 1 1 1 1 1 1 1 1 1 1 1 1 1 1 1 1 1 1 1 1 1 1 1 1 1 1 1 1 1
"027_Group27" 1 1 1 1 1 1 1 1 1 1 1 1 1 1 1 1 1 1 1 1 1 1 1 1 1 1 1 1 1 1
"028_Group28" 1 1 1 1 1 1 1 1 1 1 1 1 1 1 1 1 1 1 1 1 1 1 1 1 1 1 1 1 1 1
"029_Group29" 1 1 1 1 1 1 1 1 1 1 1 1 1 1 1 1 1 1 1 1 1 1 1 1 1 1 1 1 1 1
"030_Group30" 1 1 1 1 1 1 1 1 1 1 1 1 1 1 1 1 1 1 1 1 1 1 1 1 1 1 1 1 1 1
"031_Group31" 1 1 1 1 1 1 1 1 1 1 1 1 1 1 1 1 1 1 1 1 1 1 1 1 1 1 1 1 1 1
"032_Group32" 1 1 1 1 1 1 1 1 1 1 1 1 1 1 1 1 1 1 1 1 1 1 1 1 1 1 1 1 1 1
"033_Group33" 1 1 1 1 1 1 1 1 1 1 1 1 1 1 1 1 1 1 1 1 1 1 1 1 1 1 1 1 1 1
"034_Group34" 1 1 1 1 1 1 1 1 1 1 1 1 1 1 1 1 1 1 1 1 1 1 1 1 1 1 1 1 1 1
"035_Group35" 1 1 1 1 1 1 1 1 1 1 1 1 1 1 1 1 1 1 1 1 1 1 1 1 1 1 1 1 1 1
"036_Group36" 1 1 1 1 1 1 1 1 1 1 1 1 1 1 1 1 1 1 1 1 1 1 1 1 1 1 1 1 1 1
"037_Group37" 1 1 1 1 1 1 1 1 1 1 1 1 1 1 1 1 1 1 1 1 1 1 1 1 1 1 1 1 1 1
"038_Group38" 1 1 1 1 1 1 1 1 1 1 1 1 1 1 1 1 1 1 1 1 1 1 1 1 1 1 1 1 1 1
"039_Group39" 1 1 1 1 1 1 1 1 1 1 1 1 1 1 1 1 1 1 1 1 1 1 1 1 1 1 1 1 1 1
"040_Group40" 1 1 1 1 1 1 1 1 1 1 1 1 1 1 1 1 1 1 1 1 1 1 1 1 1 1 1 1 1 1
"041_Group41" 1 1 1 1 1 1 1 1 1 1 1 1 1 1 1 1 1 1 1 1 1 1 1 1 1 1 1 1 1 1
"042_Group42" 1 1 1 1 1 1 1 1 1 1 1 1 1 1 1 1 1 1 1 1 1 1 1 1 1 1 1 1 1 1
"043_Group43" 1 1 1 1 1 1 1 1 1 1 1 1 1 1 1 1 1 1 1 1 1 1 1 1 1 1 1 1 1 1
"044_Group44" 1 1 1 1 1 1 1 1 1 1 1 1 1 1 1 1 1 1 1 1 1 1 1 1 1 1 1 1 1 1
"045_Group45" 1 1 1 1 1 1 1 1 1 1 1 1 1 1 1 1 1 1 1 1 1 1 1 1 1 1 1 1 1 1
"046_Group46" 1 1 1 1 1 1 1 1 1 1 1 1 1 1 1 1 1 1 1 1 1 1 1 1 1 1 1 1 1 1
"047_Group47" 1 1 1 1 1 1 1 1 1 1 1 1 1 1 1 1 1 1 1 1 1 1 1 1 1 1 1 1 1 1
"048_Group48" 1 1 1 1 1 1 1 1 1 1 1 1 1 1 1 1 1 1 1 1 1 1 1 1 1 1 1 1 1 1
"049_Group49" 1 1 1 1 1 1 1 1 1 1 1 1 1 1 1 1 1 1 1 1 1 1 1 1 1 1 1 1 1 1
"050_Group50" 1 1 1 1 1 1 1 1 1 1 1 1 1 1 1 1 1 1 1 1 1 1 1 1 1 1 1 1 1 1
"051_Group51" 1 1 1 1 1 1 1 1 1 1 1 1 1 1 1 1 1 1 1 1 1 1 1 1 1 1 1 1 1 1
"052_Group52" 1 1 1 1 1 1 1 1 1 1 1 1 1 1 1 1 1 1 1 1 1 1 1 1 1 1 1 1 1 1
"053_Group53" 1 1 1 1 1 1 1 1 1 1 1 1 1 1 1 1 1 1 1 1 1 1 1 1 1 1 1 1 1 1
"054_Group54" 1 1 1 1 1 1 1 1 1 1 1 1 1 1 1 1 1 1 1 1 1 1 1 1 1 1 1 1 1 1
"055_Group55" 1 1 1 1 1 1 1 1 1 1 1 1 1 1 1 1 1 1 1 1 1 1 1 1 1 1 1 1 1 1
"056_Group56" 1 1 1 1 1 1 1 1 1 1 1 1 1 1 1 1 1 1 1 1 1 1 1 1 1 1 1 1 1 1
"057_Group57" 1 1 1 1 1 1 1 1 1 1 1 1 1 1 1 1 1 1 1 1 1 1 1 1 1 1 1 1 1 1
"058_Group58" 1 1 1 1 1 1 1 1 1 1 1 1 1 1 1 1 1 1 1 1 1 1 1 1 1 1 1 1 1 1
"059_Group59" 1 1 1 1 1 1 1 1 1 1 1 1 1 1 1 1 1 1 1 1 1 1 1 1 1 1 1 1 1 1
"060_Group60" 1 1 1 1 1 1 1 1 1 1 1 1 1 1 1 1 1 1 1 1 1 1 1 1 1 1 1 1 1 1
"061_Group61" 1 1 1 1 1 1 1 1 1 1 1 1 1 1 1 1 1 1 1 1 1 1 1 1 1 1 1 1 1 1
"062_Group62" 1 1 1 1 1 1 1 1 1 1 1 1 1 1 1 1 1 1 1 1 1 1 1 1 1 1 1 1 1 1
"063_Group63" 1 1 1 1 1 1 1 1 1 1 1 1 1 1 1 1 1 1 1 1 1 1 1 1 1 1 1 1 1 1
"064_Group64" 1 1 1 1 1 1 1 1 1 1 1 1 1 1 1 1 1 1 1 1 1 1 1 1 1 1 1 1 1 1
"065_Group65" 1 1 1 1 1 1 1 1 1 1 1 1 1 1 1 1 1 1 1 1 1 1 1 1 1 1 1 1 1 1
"066_Group66" 1 1 1 1 1 1 1 1 1 1 1 1 1 1 1 1 1 1 1 1 1 1 1 1 1 1 1 1 1 1
"067_Group67" 1 1 1 1 1 1 1 1 1 1 1 1 1 1 1 1 1 1 1 1 1 1 1 1 1 1 1 1 1 1
"068_Group68" 1 1 1 1 1 1 1 1 1 1 1 1 1 1 1 1 1 1 1 1 1 1 1 1 1 1 1 1 1 1
"069_Group69" 1 1 1 1 1 1 1 1 1 1 1 1 1 1 1 1 1 1 1 1 1 1 1 1 1 1 1 1 1 1
"070_Group70" 1 1 1 1 1 1 1 1 1 1 1 1 1 1 1 1 1 1 1 1 1 1 1 1 1 1 1 1 1 1
"071_Group71" 1 1 1 1 1 1 1 1 1 1 1 1 1 1 1 1 1 1 1 1 1 1 1 1 1 1 1 1 1 1
"072_Group72" 1 1 1 1 1 1 1 1 1 1 1 1 1 1 1 1 1 1 1 1 1 1 1 1 1 1 1 1 1 1
"073_Group73" 1 1 1 1 1 1 1 1 1 1 1 1 1 1 1 1 1 1 1 1 1 1 1 1 1 1 1 1 1 1
"074_Group74" 1 1 1 1 1 1 1 1 1 1 1 1 1 1 1 1 1 1 1 1 1 1 1 1 1 1 1 1 1 1
"075_Group75" 1 1 1 1 1 1 1 1 1 1 1 1 1 1 1 1 1 1 1 1 1 1 1 1 1 1 1 1 1 1
"076_Group76" 1 1 1 1 1 1 1 1 1 1 1 1 1 1 1 1 1 1 1 1 1 1 1 1 1 1 1 1 1 1
"077_Group77" 1 1 1 1 1 1 1 1 1 1 1 1 1 1 1 1 1 1 1 1 1 1 1 1 1 1 1 1 1 1
"078_Group78" 1 1 1 1 1 1 1 1 1 1 1 1 1 1 1 1 1 1 1 1 1 1 1 1 1 1 1 1 1 1
"079_Group79" 1 1 1 1 1 1 1 1 1 1 1 1 1 1 1 1 1 1 1 1 1 1 1 1 1 1 1 1 1 1
"080_Group80" 1 1 1 1 1 1 1 1 1 1 1 1 1 1 1 1 1 1 1 1 1 1 1 1 1 1 1 1 1 1
"081_Group81" 1 1 1 1 1 1 1 1 1 1 1 1 1 1 1 1 1 1 1 1 1 1 1 1 1 1 1 1 1 1
"082_Group82" 1 1 1 1 1 1 1 1 1 1 1 1 1 1 1 1 1 1 1 1 1 1 1 1 1 1 1 1 1 1
"083_Group83" 1 1 1 1 1 1 1 1 1 1 1 1 1 1 1 1 1 1 1 1 1 1 1 1 1 1 1 1 1 1
"084_Group84" 1 1 1 1 1 1 1 1 1 1 1 1 1 1 1 1 1 1 1 1 1 1 1 1 1 1 1 1 1 1
"085_Group85" 1 1 1 1 1 1 1 1 1 1 1 1 1 1 1 1 1 1 1 1 1 1 1 1 1 1 1 1 1 1
"086_Group86" 1 1 1 1 1 1 1 1 1 1 1 1 1 1 1 1 1 1 1 1 1 1 1 1 1 1 1 1 1 1
"087_Group87" 1 1 1 1 1 1 1 1 1 1 1 1 1 1 1 1 1 1 1 1 1 1 1 1 1 1 1 1 1 1
"088_Group88" 1 1 1 1 1 1 1 1 1 1 1 1 1 1 1 1 1 1 1 1 1 1 1 1 1 1 1 1 1 1
"089_Group89" 1 1 1 1 1 1 1 1 1 1 1 1 1 1 1 1 1 1 1 1 1 1 1 1 1 1 1 1 1 1
"090_Group90" 1 1 1 1 1 1 1 1 1 1 1 1 1 1 1 1 1 1 1 1 1 1 1 1 1 1 1 1 1 1
"091_Group91" 1 1 1 1 1 1 1 1 1 1 1 1 1 1 1 1 1 1 1 1 1 1 1 1 1 1 1 1 1 1
"092_Group92" 1 1 1 1 1 1 1 1 1 1 1 1 1 1 1 1 1 1 1 1 1 1 1 1 1 1 1 1 1 1
"093_Group93" 1 1 1 1 1 1 1 1 1 1 1 1 1 1 1 1 1 1 1 1 1 1 1 1 1 1 1 1 1 1
"094_Group94" 1 1 1 1 1 1 1 1 1 1 1 1 1 1 1 1 1 1 1 1 1 1 1 1 1 1 1 1 1 1
"095_Group95" 1 1 1 1 1 1 1 1 1 1 1 1 1 1 1 1 1 1 1 1 1 1 1 1 1 1 1 1 1 1

"<<<<<< Number of Samples per Acquisition Interval [1unit=500values] >>>>>>"
Time[m] 2 4 6 8 10 12 14 16 18 20 22 24 26 28 30 32 34 36 38 40 42 44 46 48 50 52 54 56 58 60 
#Samples 2 2 2 2 2 2 2 2 2 2 2 2 2 2 2 2 2 2 2 2 2 2 2 2 2 2 2 2 2 2 

"<<<<<< Average Temperature [°C] >>>>>>"
Time[m] 2 4 6 8 10 12 14 16 18 20 22 24 26 28 30 32 34 36 38 40 42 44 46 48 50 52 54 56 58 60 
Temp[°C] 21.6 21.6 21.6 21.6 21.6 21.6 21.6 21.6 21.7 21.6 21.6 21.6 21.6 21.7 21.7 21.6 21.7 21.8 21.8 21.7 21.8 21.8 21.8 21.8 21.8 21.8 21.8 21.8 21.8 21.8 

"<<<<<< Well Activity >>>>>>"
Well Group/Time[m] 2 4 6 8 10 12 14 16 18 20 22 24 26 28 30 32 34 36 38 40 42 44 46 48 50 52 54 56 58 60
A1 "000_Group0" 23 20 24 14 28 26 21 19 20 35 24 28 23 20 25 25 31 24 29 23 20 31 26 23 26 22 17 16 20 20
B1 "001_Group1" 12 10 13 20 23 23 27 25 23 29 28 13 18 27 16 22 12 15 21 22 24 17 17 18 24 16 21 20 25 28
C1 "002_Group2" 6 19 16 14 14 19 13 14 20 13 9 13 15 17 10 20 13 19 18 18 15 18 18 12 24 15 17 21 17 12
D1 "003_Group3" 11 13 20 12 13 14 16 15 16 18 19 15 18 15 15 23 13 26 16 14 12 19 21 25 27 16 12 17 14 15
E1 "004_Group4" 17 23 19 18 15 20 14 17 15 19 21 13 17 18 17 16 18 18 19 23 16 20 29 17 23 20 23 24 25 20
F1 "005_Group5" 13 16 11 11 12 16 11 15 15 13 11 16 11 12 16 16 20 23 20 23 23 21 32 22 23 20 12 28 26 20
G1 "006_Group6" 24 13 14 10 10 9 12 14 13 7 7 11 14 16 17 22 30 18 21 33 19 25 21 23 30 30 22 25 33 24
H1 "007_Group7" 10 17 11 19 15 10 11 14 18 11 7 9 11 15 15 13 12 18 12 13 15 13 9 13 9 13 15 16 10 12
A2 "008_Group8" 22 21 14 19 20 20 17 18 20 26 34 19 26 18 18 23 21 19 22 27 25 24 31 32 27 29 27 30 21 22
B2 "009_Group9" 30 16 21 21 21 30 22 20 23 20 16 15 22 22 18 20 17 12 15 22 18 16 27 15 22 24 24 25 14 9
C2 "010_Group10" 19 29 30 23 19 24 25 13 14 19 21 25 24 26 16 21 25 22 21 20 16 16 16 11 19 16 16 16 15 12
D2 "011_Group11" 19 24 19 21 15 16 13 14 20 16 10 12 18 15 15 13 16 20 18 24 21 16 20 16 18 14 16 15 16 13
E2 "012_Group12" 14 24 19 9 11 12 13 20 15 14 18 14 14 14 20 20 23 18 17 11 16 18 22 11 13 10 13 14 19 22
F2 "013_Group13" 11 10 12 17 20 9 8 9 10 16 16 12 16 14 13 18 22 21 14 17 16 17 26 27 19 20 18 23 21 12
G2 "014_Group14" 10 11 11 10 10 12 11 9 12 9 8 13 8 12 6 11 11 9 17 16 8 12 12 11 12 10 18 15 13 11
H2 "015_Group15" 12 10 8 11 7 12 11 16 11 13 8 16 14 13 12 10 8 19 11 11 12 8 11 9 8 15 14 11 16 6
A3 "016_Group16" 26 21 8 7 36 38 34 33 14 30 37 28 35 42 40 40 29 40 33 39 32 32 12 23 34 27 23 24 27 27
B3 "017_Group17" 39 47 38 32 28 40 32 35 22 16 20 14 13 16 25 18 20 15 25 20 20 21 20 23 13 17 19 16 21 26
C3 "018_Group18" 21 32 24 33 38 31 22 23 28 34 35 30 24 18 21 20 17 11 13 20 29 18 25 21 20 14 18 18 26 21
D3 "019_Group19" 28 36 28 19 27 32 28 17 13 12 14 16 15 17 22 18 17 17 17 24 13 21 21 18 20 27 17 30 23 19
E3 "020_Group20" 12 23 25 18 16 19 16 17 13 18 14 11 18 16 17 15 30 23 17 22 27 21 17 23 19 28 27 22 33 23
F3 "021_Group21" 21 31 8 13 13 13 16 13 16 11 13 14 15 18 26 18 15 20 27 20 27 26 36 27 30 36 31 29 27 24
G3 "022_Group22" 10 15 11 11 11 10 15 9 7 11 9 9 14 14 16 10 13 15 14 8 15 15 18 12 17 19 21 22 11 15
H3 "023_Group23" 17 11 11 13 6 11 6 10 10 11 10 12 14 14 9 11 8 11 14 11 12 10 11 10 9 16 13 17 13 12
A4 "024_Group24" 12 14 12 13 14 16 19 17 26 25 25 33 28 25 23 25 21 21 23 24 23 18 16 18 22 30 24 19 20 14
B4 "025_Group25" 13 12 13 12 20 31 32 19 20 16 18 16 18 18 21 15 18 15 18 15 15 15 19 14 23 17 16 22 16 11
C4 "026_Group26" 21 13 15 20 20 23 17 13 15 13 17 16 15 21 26 20 18 15 17 22 20 18 20 21 16 23 29 20 22 12
D4 "027_Group27" 15 21 20 12 14 15 18 13 15 13 19 14 17 15 15 13 19 15 16 15 10 10 15 20 18 10 7 18 14 11
E4 "028_Group28" 17 20 17 12 15 14 13 16 19 17 13 17 17 19 14 12 11 13 15 14 13 24 21 19 15 18 17 17 25 11
F4 "029_Group29" 12 14 11 10 14 12 13 14 16 12 11 9 11 11 14 12 13 11 9 12 8 16 12 8 9 14 12 23 23 22
G4 "030_Group30" 6 15 8 9 11 13 6 13 5 12 8 9 10 10 12 18 11 11 7 8 14 8 19 12 15 11 6 15 9 16
H4 "031_Group31" 6 12 11 10 11 10 14 14 12 8 8 10 9 12 12 8 13 14 12 10 11 12 19 8 9 11 12 13 7 7
A5 "032_Group32" 15 11 8 2 6 26 22 31 32 29 32 36 37 37 51 34 37 40 29 26 45 33 30 33 25 19 24 36 41 41
B5 "033_Group33" 13 14 1 13 9 29 14 19 32 30 19 18 22 27 27 17 38 30 29 39 21 19 15 25 22 24 34 34 34 28
C5 "034_Group34" 0 7 10 15 32 29 30 35 35 31 21 31 33 30 23 20 14 29 21 18 18 19 23 21 19 18 20 21 14 21
D5 "035_Group35" 34 29 22 16 19 18 20 23 26 16 17 22 18 25 14 15 15 16 15 17 18 18 24 20 13 25 20 21 16 18
E5 "036_Group36" 27 25 14 16 15 18 17 14 16 13 14 16 16 19 16 24 29 24 18 17 25 21 25 19 18 30 24 23 18 12
F5 "037_Group37" 24 16 16 13 19 12 14 12 11 18 17 13 19 25 19 13 12 23 27 26 22 24 21 24 15 20 32 18 23 20
G5 "038_Group38" 24 10 13 11 14 12 10 8 7 13 16 16 14 11 11 7 11 14 16 14 11 21 17 27 25 24 26 35 22 15
H5 "039_Group39" 20 14 6 12 14 8 8 14 8 6 9 11 12 18 16 15 20 13 21 12 18 16 15 14 14 16 14 21 12 12
A6 "040_Group40" 31 32 16 20 28 16 23 14 18 27 32 24 25 30 29 33 33 29 29 24 20 20 25 28 31 31 20 31 28 18
B6 "041_Group41" 27 21 11 7 17 25 15 25 14 21 17 12 8 17 13 17 17 11 12 16 12 14 10 20 17 18 16 13 12 11
C6 "042_Group42" 24 34 29 26 15 14 22 24 18 20 22 21 13 18 16 17 20 22 23 22 19 21 18 20 19 23 21 16 23 21
D6 "043_Group43" 11 19 13 15 12 12 17 23 13 24 16 17 21 16 15 15 20 20 21 27 16 12 16 16 19 18 16 20 28 19
E6 "044_Group44" 13 14 23 22 18 21 23 20 17 15 14 12 20 11 20 11 14 21 18 17 19 17 14 11 20 20 15 23 17 23
F6 "045_Group45" 14 8 9 9 6 11 15 14 19 18 21 16 14 15 11 12 12 20 20 17 21 24 20 26 23 21 23 22 19 19
G6 "046_Group46" 19 10 14 10 9 10 5 8 10 9 23 17 14 13 15 11 15 16 14 19 11 12 17 15 8 33 21 19 21 18
H6 "047_Group47" 15 9 8 11 4 6 5 13 13 11 12 11 13 8 5 13 7 7 12 9 13 10 9 8 11 15 12 13 14 16
A7 "048_Group48" 17 17 17 17 24 31 30 28 31 20 28 29 34 35 28 28 21 19 35 30 34 26 30 29 15 20 17 16 25 26
B7 "049_Group49" 12 13 28 34 41 27 31 20 21 18 17 15 18 21 13 16 20 17 20 18 17 16 29 25 28 27 19 17 22 19
C7 "050_Group50" 6 21 17 23 20 22 19 22 17 16 16 18 17 16 20 22 16 23 19 28 19 16 17 14 19 21 17 11 17 11
D7 "051_Group51" 20 19 13 11 14 16 15 15 18 22 21 26 17 23 23 17 16 16 17 13 25 19 12 15 15 12 14 19 19 16
E7 "052_Group52" 14 21 7 8 10 13 6 12 17 12 15 12 12 10 12 17 16 17 20 22 20 23 25 31 29 28 33 28 13 15
F7 "053_Group53" 6 14 10 11 10 9 12 9 9 14 12 12 14 16 14 22 23 21 16 23 30 24 29 15 19 18 21 20 15 13
G7 "054_Group54" 12 15 7 9 9 9 9 11 12 14 8 10 11 8 14 15 15 24 9 17 23 18 17 12 11 16 22 25 21 17
H7 "055_Group55" 18 11 9 12 8 6 8 10 12 22 19 17 16 17 21 19 18 17 18 17 24 26 31 16 14 19 16 26 17 17
A8 "056_Group56" 14 21 26 29 15 29 27 31 24 19 25 23 23 24 26 23 25 24 26 18 16 17 17 26 16 20 22 13 15 25
B8 "057_Group57" 16 27 16 22 20 24 25 28 25 22 21 19 21 20 13 15 21 12 15 15 17 19 18 18 23 15 21 21 26 16
C8 "058_Group58" 20 21 19 12 29 27 22 25 21 24 17 28 33 27 27 26 22 17 13 24 17 16 17 18 13 16 14 9 20 17
D8 "059_Group59" 31 26 19 35 23 12 25 21 17 22 18 18 16 21 12 22 26 17 20 18 13 21 13 18 21 21 17 13 19 18
E8 "060_Group60" 18 15 14 14 13 22 17 24 16 18 14 19 13 20 12 15 16 17 22 16 13 14 13 12 16 19 19 17 20 20
F8 "061_Group61" 4 14 12 10 12 10 20 18 7 12 13 13 13 13 15 10 11 14 14 14 23 20 14 16 14 14 12 15 14 12
G8 "062_Group62" 12 13 18 10 14 8 12 10 13 12 8 6 12 9 18 13 12 17 18 20 15 11 13 19 14 16 18 22 23 13
H8 "063_Group63" 10 12 9 10 7 10 12 14 10 7 16 11 9 11 12 11 13 17 9 8 13 13 13 8 12 20 8 6 6 9
A9 "064_Group64" 8 14 4 18 16 16 6 27 20 34 29 30 29 21 33 24 28 23 24 24 28 17 29 27 27 24 36 41 27 30
B9 "065_Group65" 10 13 9 15 18 15 20 16 18 19 20 26 22 26 32 29 32 33 30 29 30 22 21 25 21 20 28 28 29 19
C9 "066_Group66" 13 17 27 21 13 14 21 17 20 23 25 16 28 20 29 22 27 19 24 19 24 19 32 15 22 14 13 12 10 13
D9 "067_Group67" 22 22 16 19 20 12 10 14 11 16 19 15 13 17 20 25 24 19 24 21 20 27 15 16 12 25 20 13 12 12
E9 "068_Group68" 20 21 18 15 11 12 23 19 17 17 18 18 15 16 15 17 15 15 16 25 17 24 28 25 27 26 26 30 28 16
F9 "069_Group69" 12 10 17 11 11 8 11 11 10 20 16 16 20 27 23 24 20 14 24 13 15 18 20 24 24 34 24 26 28 13
G9 "070_Group70" 11 12 11 11 6 14 15 12 11 13 11 15 17 13 11 17 22 18 24 17 16 22 20 19 20 15 22 23 18 22
H9 "071_Group71" 14 12 8 8 10 6 8 13 14 13 12 9 10 12 11 14 15 16 15 16 12 15 17 17 17 26 27 28 19 17
A10 "072_Group72" 0 0 10 13 7 15 25 12 25 37 42 40 35 35 48 37 36 36 41 24 37 30 25 20 26 31 32 28 22 17
B10 "073_Group73" 12 5 7 21 23 25 34 47 38 38 36 32 41 34 27 23 25 22 26 32 32 27 30 17 22 27 18 18 16 24
C10 "074_Group74" 20 36 31 36 23 21 28 35 20 20 23 29 27 30 26 24 22 16 18 17 17 16 16 18 25 22 25 22 26 17
D10 "075_Group75" 21 42 31 43 26 28 26 19 16 24 14 13 15 15 12 18 24 22 27 23 14 18 24 11 18 13 14 14 17 25
E10 "076_Group76" 28 35 23 18 19 15 17 25 34 18 11 18 10 14 16 24 23 26 16 21 21 25 21 15 18 28 26 24 21 23
F10 "077_Group77" 32 24 15 13 12 22 13 15 15 17 13 17 14 12 10 12 20 23 18 17 30 30 24 21 27 28 25 29 31 26
G10 "078_Group78" 21 14 14 14 10 14 10 9 9 15 11 11 11 6 16 11 8 10 16 16 19 21 18 21 11 12 11 18 13 16
H10 "079_Group79" 20 16 9 11 12 10 11 12 18 12 8 11 12 14 19 12 20 13 23 18 11 16 13 10 15 22 15 14 14 11
A11 "080_Group80" 5 17 18 19 21 12 16 16 15 20 15 23 32 25 23 22 22 17 22 24 22 17 20 23 20 20 15 22 26 18
B11 "081_Group81" 20 12 14 16 12 18 17 16 21 16 18 18 18 16 13 18 24 22 19 19 15 23 13 14 17 12 11 10 11 9
C11 "082_Group82" 13 31 23 17 16 18 20 14 22 20 14 20 16 17 20 17 16 14 14 13 12 17 19 12 18 11 15 23 17 8
D11 "083_Group83" 22 27 16 9 13 19 17 20 26 14 13 16 15 21 13 13 26 18 10 14 14 10 18 30 17 25 12 22 18 17
E11 "084_Group84" 6 19 21 15 20 17 16 18 15 16 22 12 22 17 15 18 16 10 17 16 16 17 19 19 14 17 20 13 15 18
F11 "085_Group85" 16 14 12 11 13 15 11 13 6 14 15 16 16 18 19 16 16 18 21 21 25 27 17 38 22 25 24 21 15 16
G11 "086_Group86" 13 12 12 8 11 14 10 10 11 15 13 18 18 21 21 26 26 13 27 23 20 19 28 23 29 28 26 21 20 17
H11 "087_Group87" 17 13 12 7 7 14 16 13 10 15 12 12 15 18 22 23 15 16 22 21 31 24 22 24 18 21 24 24 13 6
A12 "088_Group88" 8 28 35 26 24 23 19 16 22 29 17 27 30 36 26 24 25 28 24 27 30 28 21 32 20 22 26 26 19 19
B12 "089_Group89" 18 32 29 12 16 22 29 23 24 28 20 19 17 23 21 19 20 25 21 23 26 18 32 10 18 24 20 21 24 25
C12 "090_Group90" 18 27 44 28 21 30 34 16 19 22 20 20 26 20 13 17 19 17 21 22 22 19 16 21 18 19 23 22 21 19
D12 "091_Group91" 20 20 19 13 21 15 14 17 14 15 14 19 25 16 22 21 15 19 20 8 19 14 15 19 17 15 19 14 14 11
E12 "092_Group92" 30 20 21 16 19 10 17 14 20 19 12 13 12 19 13 15 19 19 16 13 16 21 26 21 27 22 16 12 17 23
F12 "093_Group93" 14 17 13 18 19 12 11 16 14 12 14 16 10 15 16 16 16 18 21 16 17 16 18 23 30 24 23 20 16 23
G12 "094_Group94" 9 18 9 19 13 14 17 14 7 9 9 10 15 10 14 15 12 14 15 20 22 29 19 12 25 24 17 16 32 17
H12 "095_Group95" 11 15 14 9 11 11 11 15 10 10 13 16 12 15 16 15 13 20 16 12 16 10 19 16 18 16 20 21 16 10

"<<<<<< Channel Activity >>>>>>"
Channel Well Group/Time[m] 2 4 6 8 10 12 14 16 18 20 22 24 26 28 30 32 34 36 38 40 42 44 46 48 50 52 54 56 58 60
CH0 A1.0 "000_Group0" 23 20 24 14 28 26 21 19 20 35 24 28 23 20 25 25 31 24 29 23 20 31 26 23 26 22 17 16 20 20
CH2 B1.0 "001_Group1" 12 10 13 20 23 23 27 25 23 29 28 13 18 27 16 22 12 15 21 22 24 17 17 18 24 16 21 20 25 28
CH4 C1.0 "002_Group2" 6 19 16 14 14 19 13 14 20 13 9 13 15 17 10 20 13 19 18 18 15 18 18 12 24 15 17 21 17 12
CH6 D1.0 "003_Group3" 11 13 20 12 13 14 16 15 16 18 19 15 18 15 15 23 13 26 16 14 12 19 21 25 27 16 12 17 14 15
CH8 E1.0 "004_Group4" 17 23 19 18 15 20 14 17 15 19 21 13 17 18 17 16 18 18 19 23 16 20 29 17 23 20 23 24 25 20
CH10 F1.0 "005_Group5" 13 16 11 11 12 16 11 15 15 13 11 16 11 12 16 16 20 23 20 23 23 21 32 22 23 20 12 28 26 20
CH12 G1.0 "006_Group6" 24 13 14 10 10 9 12 14 13 7 7 11 14 16 17 22 30 18 21 33 19 25 21 23 30 30 22 25 33 24
CH14 H1.0 "007_Group7" 10 17 11 19 15 10 11 14 18 11 7 9 11 15 15 13 12 18 12 13 15 13 9 13 9 13 15 16 10 12
CH32 A2.0 "008_Group8" 22 21 14 19 20 20 17 18 20 26 34 19 26 18 18 23 21 19 22 27 25 24 31 32 27 29 27 30 21 22
CH34 B2.0 "009_Group9" 30 16 21 21 21 30 22 20 23 20 16 15 22 22 18 20 17 12 15 22 18 16 27 15 22 24 24 25 14 9
CH36 C2.0 "010_Group10" 19 29 30 23 19 24 25 13 14 19 21 25 24 26 16 21 25 22 21 20 16 16 16 11 19 16 16 16 15 12
CH38 D2.0 "011_Group11" 19 24 19 21 15 16 13 14 20 16 10 12 18 15 15 13 16 20 18 24 21 16 20 16 18 14 16 15 16 13
CH40 E2.0 "012_Group12" 14 24 19 9 11 12 13 20 15 14 18 14 14 14 20 20 23 18 17 11 16 18 22 11 13 10 13 14 19 22
CH42 F2.0 "013_Group13" 11 10 12 17 20 9 8 9 10 16 16 12 16 14 13 18 22 21 14 17 16 17 26 27 19 20 18 23 21 12
CH44 G2.0 "014_Group14" 10 11 11 10 10 12 11 9 12 9 8 13 8 12 6 11 11 9 17 16 8 12 12 11 12 10 18 15 13 11
CH46 H2.0 "015_Group15" 12 10 8 11 7 12 11 16 11 13 8 16 14 13 12 10 8 19 11 11 12 8 11 9 8 15 14 11 16 6
CH64 A3.0 "016_Group16" 26 21 8 7 36 38 34 33 14 30 37 28 35 42 40 40 29 40 33 39 32 32 12 23 34 27 23 24 27 27
CH66 B3.0 "017_Group17" 39 47 38 32 28 40 32 35 22 16 20 14 13 16 25 18 20 15 25 20 20 21 20 23 13 17 19 16 21 26
CH68 C3.0 "018_Group18" 21 32 24 33 38 31 22 23 28 34 35 30 24 18 21 20 17 11 13 20 29 18 25 21 20 14 18 18 26 21
CH70 D3.0 "019_Group19" 28 36 28 19 27 32 28 17 13 12 14 16 15 17 22 18 17 17 17 24 13 21 21 18 20 27 17 30 23 19
CH72 E3.0 "020_Group20" 12 23 25 18 16 19 16 17 13 18 14 11 18 16 17 15 30 23 17 22 27 21 17 23 19 28 27 22 33 23
CH74 F3.0 "021_Group21" 21 31 8 13 13 13 16 13 16 11 13 14 15 18 26 18 15 20 27 20 27 26 36 27 30 36 31 29 27 24
CH76 G3.0 "022_Group22" 10 15 11 11 11 10 15 9 7 11 9 9 14 14 16 10 13 15 14 8 15 15 18 12 17 19 21 22 11 15
CH78 H3.0 "023_Group23" 17 11 11 13 6 11 6 10 10 11 10 12 14 14 9 11 8 11 14 11 12 10 11 10 9 16 13 17 13 12
CH96 A4.0 "024_Group24" 12 14 12 13 14 16 19 17 26 25 25 33 28 25 23 25 21 21 23 24 23 18 16 18 22 30 24 19 20 14
CH98 B4.0 "025_Group25" 13 12 13 12 20 31 32 19 20 16 18 16 18 18 21 15 18 15 18 15 15 15 19 14 23 17 16 22 16 11
CH100 C4.0 "026_Group26" 21 13 15 20 20 23 17 13 15 13 17 16 15 21 26 20 18 15 17 22 20 18 20 21 16 23 29 20 22 12
CH102 D4.0 "027_Group27" 15 21 20 12 14 15 18 13 15 13 19 14 17 15 15 13 19 15 16 15 10 10 15 20 18 10 7 18 14 11
CH104 E4.0 "028_Group28" 17 20 17 12 15 14 13 16 19 17 13 17 17 19 14 12 11 13 15 14 13 24 21 19 15 18 17 17 25 11
CH106 F4.0 "029_Group29" 12 14 11 10 14 12 13 14 16 12 11 9 11 11 14 12 13 11 9 12 8 16 12 8 9 14 12 23 23 22
CH108 G4.0 "030_Group30" 6 15 8 9 11 13 6 13 5 12 8 9 10 10 12 18 11 11 7 8 14 8 19 12 15 11 6 15 9 16
CH110 H4.0 "031_Group31" 6 12 11 10 11 10 14 14 12 8 8 10 9 12 12 8 13 14 12 10 11 12 19 8 9 11 12 13 7 7
CH128 A5.0 "032_Group32" 15 11 8 2 6 26 22 31 32 29 32 36 37 37 51 34 37 40 29 26 45 33 30 33 25 19 24 36 41 41
CH130 B5.0 "033_Group33" 13 14 1 13 9 29 14 19 32 30 19 18 22 27 27 17 38 30 29 39 21 19 15 25 22 24 34 34 34 28
CH132 C5.0 "034_Group34" 0 7 10 15 32 29 30 35 35 31 21 31 33 30 23 20 14 29 21 18 18 19 23 21 19 18 20 21 14 21
CH134 D5.0 "035_Group35" 34 29 22 16 19 18 20 23 26 16 17 22 18 25 14 15 15 16 15 17 18 18 24 20 13 25 20 21 16 18
CH136 E5.0 "036_Group36" 27 25 14 16 15 18 17 14 16 13 14 16 16 19 16 24 29 24 18 17 25 21 25 19 18 30 24 23 18 12
CH138 F5.0 "037_Group37" 24 16 16 13 19 12 14 12 11 18 17 13 19 25 19 13 12 23 27 26 22 24 21 24 15 20 32 18 23 20
CH140 G5.0 "038_Group38" 24 10 13 11 14 12 10 8 7 13 16 16 14 11 11 7 11 14 16 14 11 21 17 27 25 24 26 35 22 15
CH142 H5.0 "039_Group39" 20 14 6 12 14 8 8 14 8 6 9 11 12 18 16 15 20 13 21 12 18 16 15 14 14 16 14 21 12 12
CH160 A6.0 "040_Group40" 31 32 16 20 28 16 23 14 18 27 32 24 25 30 29 33 33 29 29 24 20 20 25 28 31 31 20 31 28 18
CH162 B6.0 "041_Group41" 27 21 11 7 17 25 15 25 14 21 17 12 8 17 13 17 17 11 12 16 12 14 10 20 17 18 16 13 12 11
CH164 C6.0 "042_Group42" 24 34 29 26 15 14 22 24 18 20 22 21 13 18 16 17 20 22 23 22 19 21 18 20 19 23 21 16 23 21
CH166 D6.0 "043_Group43" 11 19 13 15 12 12 17 23 13 24 16 17 21 16 15 15 20 20 21 27 16 12 16 16 19 18 16 20 28 19
CH168 E6.0 "044_Group44" 13 14 23 22 18 21 23 20 17 15 14 12 20 11 20 11 14 21 18 17 19 17 14 11 20 20 15 23 17 23
CH170 F6.0 "045_Group45" 14 8 9 9 6 11 15 14 19 18 21 16 14 15 11 12 12 20 20 17 21 24 20 26 23 21 23 22 19 19
CH172 G6.0 "046_Group46" 19 10 14 10 9 10 5 8 10 9 23 17 14 13 15 11 15 16 14 19 11 12 17 15 8 33 21 19 21 18
CH174 H6.0 "047_Group47" 15 9 8 11 4 6 5 13 13 11 12 11 13 8 5 13 7 7 12 9 13 10 9 8 11 15 12 13 14 16
CH192 A7.0 "048_Group48" 17 17 17 17 24 31 30 28 31 20 28 29 34 35 28 28 21 19 35 30 34 26 30 29 15 20 17 16 25 26
CH194 B7.0 "049_Group49" 12 13 28 34 41 27 31 20 21 18 17 15 18 21 13 16 20 17 20 18 17 16 29 25 28 27 19 17 22 19
CH196 C7.0 "050_Group50" 6 21 17 23 20 22 19 22 17 16 16 18 17 16 20 22 16 23 19 28 19 16 17 14 19 21 17 11 17 11
CH198 D7.0 "051_Group51" 20 19 13 11 14 16 15 15 18 22 21 26 17 23 23 17 16 16 17 13 25 19 12 15 15 12 14 19 19 16
CH200 E7.0 "052_Group52" 14 21 7 8 10 13 6 12 17 12 15 12 12 10 12 17 16 17 20 22 20 23 25 31 29 28 33 28 13 15
CH202 F7.0 "053_Group53" 6 14 10 11 10 9 12 9 9 14 12 12 14 16 14 22 23 21 16 23 30 24 29 15 19 18 21 20 15 13
CH204 G7.0 "054_Group54" 12 15 7 9 9 9 9 11 12 14 8 10 11 8 14 15 15 24 9 17 23 18 17 12 11 16 22 25 21 17
CH206 H7.0 "055_Group55" 18 11 9 12 8 6 8 10 12 22 19 17 16 17 21 19 18 17 18 17 24 26 31 16 14 19 16 26 17 17
CH224 A8.0 "056_Group56" 14 21 26 29 15 29 27 31 24 19 25 23 23 24 26 23 25 24 26 18 16 17 17 26 16 20 22 13 15 25
CH226 B8.0 "057_Group57" 16 27 16 22 20 24 25 28 25 22 21 19 21 20 13 15 21 12 15 15 17 19 18 18 23 15 21 21 26 16
CH228 C8.0 "058_Group58" 20 21 19 12 29 27 22 25 21 24 17 28 33 27 27 26 22 17 13 24 17 16 17 18 13 16 14 9 20 17
CH230 D8.0 "059_Group59" 31 26 19 35 23 12 25 21 17 22 18 18 16 21 12 22 26 17 20 18 13 21 13 18 21 21 17 13 19 18
CH232 E8.0 "060_Group60" 18 15 14 14 13 22 17 24 16 18 14 19 13 20 12 15 16 17 22 16 13 14 13 12 16 19 19 17 20 20
CH234 F8.0 "061_Group61" 4 14 12 10 12 10 20 18 7 12 13 13 13 13 15 10 11 14 14 14 23 20 14 16 14 14 12 15 14 12
CH236 G8.0 "062_Group62" 12 13 18 10 14 8 12 10 13 12 8 6 12 9 18 13 12 17 18 20 15 11 13 19 14 16 18 22 23 13
CH238 H8.0 "063_Group63" 10 12 9 10 7 10 12 14 10 7 16 11 9 11 12 11 13 17 9 8 13 13 13 8 12 20 8 6 6 9
CH256 A9.0 "064_Group64" 8 14 4 18 16 16 6 27 20 34 29 30 29 21 33 24 28 23 24 24 28 17 29 27 27 24 36 41 27 30
CH258 B9.0 "065_Group65" 10 13 9 15 18 15 20 16 18 19 20 26 22 26 32 29 32 33 30 29 30 22 21 25 21 20 28 28 29 19
CH260 C9.0 "066_Group66" 13 17 27 21 13 14 21 17 20 23 25 16 28 20 29 22 27 19 24 19 24 19 32 15 22 14 13 12 10 13
CH262 D9.0 "067_Group67" 22 22 16 19 20 12 10 14 11 16 19 15 13 17 20 25 24 19 24 21 20 27 15 16 12 25 20 13 12 12
CH264 E9.0 "068_Group68" 20 21 18 15 11 12 23 19 17 17 18 18 15 16 15 17 15 15 16 25 17 24 28 25 27 26 26 30 28 16
CH266 F9.0 "069_Group69" 12 10 17 11 11 8 11 11 10 20 16 16 20 27 23 24 20 14 24 13 15 18 20 24 24 34 24 26 28 13
CH268 G9.0 "070_Group70" 11 12 11 11 6 14 15 12 11 13 11 15 17 13 11 17 22 18 24 17 16 22 20 19 20 15 22 23 18 22
CH270 H9.0 "071_Group71" 14 12 8 8 10 6 8 13 14 13 12 9 10 12 11 14 15 16 15 16 12 15 17 17 17 26 27 28 19 17
CH288 A10.0 "072_Group72" 0 0 10 13 7 15 25 12 25 37 42 40 35 35 48 37 36 36 41 24 37 30 25 20 26 31 32 28 22 17
CH290 B10.0 "073_Group73" 12 5 7 21 23 25 34 47 38 38 36 32 41 34 27 23 25 22 26 32 32 27 30 17 22 27 18 18 16 24
CH292 C10.0 "074_Group74" 20 36 31 36 23 21 28 35 20 20 23 29 27 30 26 24 22 16 18 17 17 16 16 18 25 22 25 22 26 17
CH294 D10.0 "075_Group75" 21 42 31 43 26 28 26 19 16 24 14 13 15 15 12 18 24 22 27 23 14 18 24 11 18 13 14 14 17 25
CH296 E10.0 "076_Group76" 28 35 23 18 19 15 17 25 34 18 11 18 10 14 16 24 23 26 16 21 21 25 21 15 18 28 26 24 21 23
CH298 F10.0 "077_Group77" 32 24 15 13 12 22 13 15 15 17 13 17 14 12 10 12 20 23 18 17 30 30 24 21 27 28 25 29 31 26
CH300 G10.0 "078_Group78" 21 14 14 14 10 14 10 9 9 15 11 11 11 6 16 11 8 10 16 16 19 21 18 21 11 12 11 18 13 16
CH302 H10.0 "079_Group79" 20 16 9 11 12 10 11 12 18 12 8 11 12 14 19 12 20 13 23 18 11 16 13 10 15 22 15 14 14 11
CH320 A11.0 "080_Group80" 5 17 18 19 21 12 16 16 15 20 15 23 32 25 23 22 22 17 22 24 22 17 20 23 20 20 15 22 26 18
CH322 B11.0 "081_Group81" 20 12 14 16 12 18 17 16 21 16 18 18 18 16 13 18 24 22 19 19 15 23 13 14 17 12 11 10 11 9
CH324 C11.0 "082_Group82" 13 31 23 17 16 18 20 14 22 20 14 20 16 17 20 17 16 14 14 13 12 17 19 12 18 11 15 23 17 8
CH326 D11.0 "083_Group83" 22 27 16 9 13 19 17 20 26 14 13 16 15 21 13 13 26 18 10 14 14 10 18 30 17 25 12 22 18 17
CH328 E11.0 "084_Group84" 6 19 21 15 20 17 16 18 15 16 22 12 22 17 15 18 16 10 17 16 16 17 19 19 14 17 20 13 15 18
CH330 F11.0 "085_Group85" 16 14 12 11 13 15 11 13 6 14 15 16 16 18 19 16 16 18 21 21 25 27 17 38 22 25 24 21 15 16
CH332 G11.0 "086_Group86" 13 12 12 8 11 14 10 10 11 15 13 18 18 21 21 26 26 13 27 23 20 19 28 23 29 28 26 21 20 17
CH334 H11.0 "087_Group87" 17 13 12 7 7 14 16 13 10 15 12 12 15 18 22 23 15 16 22 21 31 24 22 24 18 21 24 24 13 6
CH352 A12.0 "088_Group88" 8 28 35 26 24 23 19 16 22 29 17 27 30 36 26 24 25 28 24 27 30 28 21 32 20 22 26 26 19 19
CH354 B12.0 "089_Group89" 18 32 29 12 16 22 29 23 24 28 20 19 17 23 21 19 20 25 21 23 26 18 32 10 18 24 20 21 24 25
CH356 C12.0 "090_Group90" 18 27 44 28 21 30 34 16 19 22 20 20 26 20 13 17 19 17 21 22 22 19 16 21 18 19 23 22 21 19
CH358 D12.0 "091_Group91" 20 20 19 13 21 15 14 17 14 15 14 19 25 16 22 21 15 19 20 8 19 14 15 19 17 15 19 14 14 11
CH360 E12.0 "092_Group92" 30 20 21 16 19 10 17 14 20 19 12 13 12 19 13 15 19 19 16 13 16 21 26 21 27 22 16 12 17 23
CH362 F12.0 "093_Group93" 14 17 13 18 19 12 11 16 14 12 14 16 10 15 16 16 16 18 21 16 17 16 18 23 30 24 23 20 16 23
CH364 G12.0 "094_Group94" 9 18 9 19 13 14 17 14 7 9 9 10 15 10 14 15 12 14 15 20 22 29 19 12 25 24 17 16 32 17
CH366 H12.0 "095_Group95" 11 15 14 9 11 11 11 15 10 10 13 16 12 15 16 15 13 20 16 12 16 10 19 16 18 16 20 21 16 10
