"DATE:" "5/1/2014 1:18:10 PM"
"FILE:" "C:\Users\AndersenLab\Desktop\wmicrotracker\p00010\20140501_1124"
"SUBPROJECT:" "20140501_SwimmingDoseResponseMebendazole"

"<<<<<< Group Activity: Average Activity Counts per Data Interval>>>>>>"
Group/Time[m] 5 10 15 20 25 30 35 40 45 50 55 60
"000_Group0" 58 81 65 75 42 71 53 102 85 62 78 47
"001_Group1" 51 83 69 62 61 86 91 60 89 42 58 44
"002_Group2" 74 53 63 68 27 50 43 34 48 59 75 46
"003_Group3" 31 61 55 54 39 48 53 40 57 19 45 39
"004_Group4" 44 54 50 49 23 28 27 22 27 28 26 20
"005_Group5" 69 29 39 21 21 16 15 13 27 6 13 13
"006_Group6" 80 37 21 14 9 10 11 15 13 14 13 8
"007_Group7" 1 0 7 4 0 10 0 1 0 0 0 2
"008_Group8" 55 92 79 89 63 40 52 96 81 65 65 83
"009_Group9" 55 98 84 97 36 84 64 45 85 35 75 47
"010_Group10" 0 0 5 0 0 13 1 16 5 9 11 4
"011_Group11" 4 8 4 0 8 34 12 12 22 17 50 22
"012_Group12" 18 28 48 39 22 37 7 16 24 4 15 20
"013_Group13" 25 83 42 12 30 17 15 17 26 14 12 9
"014_Group14" 7 14 11 1 13 43 27 14 9 6 8 10
"015_Group15" 0 0 0 0 0 0 0 0 0 2 0 0
"016_Group16" 57 83 34 43 56 67 65 65 82 54 63 70
"017_Group17" 33 27 46 50 45 63 62 53 53 65 72 62
"018_Group18" 67 52 45 48 39 54 39 69 58 53 60 51
"019_Group19" 59 51 54 45 45 58 57 60 70 42 72 60
"020_Group20" 43 36 66 30 67 48 47 48 63 22 45 29
"021_Group21" 9 37 55 54 33 42 30 27 36 17 17 8
"022_Group22" 71 15 35 15 13 12 20 29 19 25 19 8
"023_Group23" 3 11 0 13 0 8 0 0 0 9 0 5
"024_Group24" 58 42 44 41 35 57 60 82 80 53 61 42
"025_Group25" 60 67 55 53 43 56 55 75 56 45 70 37
"026_Group26" 77 62 64 58 43 67 42 58 66 29 66 35
"027_Group27" 51 59 45 45 42 58 47 51 65 55 44 49
"028_Group28" 39 41 48 45 51 62 34 33 38 16 37 29
"029_Group29" 48 44 40 27 16 18 8 19 28 22 23 11
"030_Group30" 22 39 28 16 9 5 6 12 13 18 17 10
"031_Group31" 0 0 0 14 3 3 14 10 3 11 5 0
"032_Group32" 59 73 95 71 55 78 72 83 75 62 84 71
"033_Group33" 69 59 68 94 45 64 66 66 63 53 68 72
"034_Group34" 63 48 60 67 76 43 64 57 67 53 55 55
"035_Group35" 58 54 65 43 33 39 88 66 74 49 52 50
"036_Group36" 40 48 62 70 37 45 51 40 68 37 46 35
"037_Group37" 54 34 51 44 14 10 18 25 18 14 20 13
"038_Group38" 93 40 8 15 10 12 13 16 18 16 16 12
"039_Group39" 17 3 6 8 26 5 15 11 3 7 1 12
"040_Group40" 40 40 55 46 41 71 53 39 73 84 68 50
"041_Group41" 57 69 98 69 49 58 62 61 50 37 53 50
"042_Group42" 62 58 98 53 55 52 64 68 57 56 74 48
"043_Group43" 102 93 82 58 44 90 49 61 53 54 67 45
"044_Group44" 49 34 38 79 57 31 38 46 46 38 55 35
"045_Group45" 40 48 35 34 20 24 13 21 28 16 12 8
"046_Group46" 69 23 42 15 9 10 11 15 12 14 12 8
"047_Group47" 53 46 60 6 12 23 17 14 46 10 21 18
"048_Group48" 56 63 56 77 94 82 64 90 69 80 77 44
"049_Group49" 70 66 42 77 63 69 39 62 41 24 40 34
"050_Group50" 54 43 69 39 43 43 52 38 54 44 64 58
"051_Group51" 37 72 105 65 56 34 67 54 55 59 73 45
"052_Group52" 33 44 45 34 30 47 34 33 46 19 39 26
"053_Group53" 47 53 71 34 23 11 13 12 17 21 21 15
"054_Group54" 45 46 57 25 10 13 8 7 13 14 14 8
"055_Group55" 22 19 0 12 8 6 2 15 1 15 46 23
"056_Group56" 43 49 74 50 40 85 79 48 66 66 78 82
"057_Group57" 50 47 99 80 53 86 45 80 68 56 67 58
"058_Group58" 57 63 73 52 37 74 73 65 90 46 72 37
"059_Group59" 59 57 48 82 55 57 66 59 75 58 74 42
"060_Group60" 33 54 49 35 31 54 33 24 44 34 44 21
"061_Group61" 39 50 47 60 31 45 27 34 23 14 26 9
"062_Group62" 47 39 23 13 4 10 11 15 12 16 12 8
"063_Group63" 12 10 0 0 4 0 5 4 2 0 10 0
"064_Group64" 50 87 96 79 72 79 60 48 75 50 98 53
"065_Group65" 48 74 94 95 80 91 76 94 75 52 58 69
"066_Group66" 74 106 89 87 70 78 82 87 73 54 57 55
"067_Group67" 72 86 99 99 68 40 65 73 70 65 69 45
"068_Group68" 53 103 81 95 56 47 34 60 42 21 60 30
"069_Group69" 54 59 56 13 33 22 22 20 32 28 24 18
"070_Group70" 78 78 46 12 11 10 16 17 12 13 12 8
"071_Group71" 31 14 19 13 9 14 25 6 22 1 12 8
"072_Group72" 23 41 32 49 49 48 66 56 73 52 67 36
"073_Group73" 60 59 56 30 26 46 46 47 42 51 54 35
"074_Group74" 41 52 58 45 41 55 57 44 62 35 71 53
"075_Group75" 23 41 48 35 25 48 31 61 54 46 40 31
"076_Group76" 48 47 38 46 29 35 22 26 56 36 47 31
"077_Group77" 52 67 29 20 9 31 20 19 14 13 13 5
"078_Group78" 52 25 10 15 2 8 0 3 4 26 18 8
"079_Group79" 8 1 0 0 0 0 0 5 6 0 2 5
"080_Group80" 50 54 37 40 15 38 40 31 48 44 46 37
"081_Group81" 48 49 30 57 26 65 63 60 67 60 55 42
"082_Group82" 15 7 21 1 14 22 5 1 12 11 15 12
"083_Group83" 16 17 1 5 14 11 14 13 14 16 4 0
"084_Group84" 38 25 40 62 33 27 57 59 44 37 52 35
"085_Group85" 68 72 58 51 29 19 34 23 24 19 21 14
"086_Group86" 55 27 33 13 7 19 10 22 15 42 9 29
"087_Group87" 0 0 0 0 0 0 0 0 0 0 0 0
"088_Group88" 36 28 17 20 9 10 17 21 19 10 20 25
"089_Group89" 57 14 23 41 29 26 36 44 44 58 62 41
"090_Group90" 37 17 48 32 11 90 73 66 64 33 45 54
"091_Group91" 47 79 24 35 20 87 63 44 71 53 66 49
"092_Group92" 67 52 40 30 54 58 57 37 61 26 57 60
"093_Group93" 65 39 44 9 20 31 47 13 8 8 9 5
"094_Group94" 79 25 22 15 12 59 43 34 13 14 12 8
"095_Group95" 43 9 17 6 19 35 2 5 0 0 3 0

"<<<<<< Group Activity: Number of wells/group >>>>>>"
Group/Time[m] 5 10 15 20 25 30 35 40 45 50 55 60
"000_Group0" 1 1 1 1 1 1 1 1 1 1 1 1
"001_Group1" 1 1 1 1 1 1 1 1 1 1 1 1
"002_Group2" 1 1 1 1 1 1 1 1 1 1 1 1
"003_Group3" 1 1 1 1 1 1 1 1 1 1 1 1
"004_Group4" 1 1 1 1 1 1 1 1 1 1 1 1
"005_Group5" 1 1 1 1 1 1 1 1 1 1 1 1
"006_Group6" 1 1 1 1 1 1 1 1 1 1 1 1
"007_Group7" 1 1 1 1 1 1 1 1 1 1 1 1
"008_Group8" 1 1 1 1 1 1 1 1 1 1 1 1
"009_Group9" 1 1 1 1 1 1 1 1 1 1 1 1
"010_Group10" 1 1 1 1 1 1 1 1 1 1 1 1
"011_Group11" 1 1 1 1 1 1 1 1 1 1 1 1
"012_Group12" 1 1 1 1 1 1 1 1 1 1 1 1
"013_Group13" 1 1 1 1 1 1 1 1 1 1 1 1
"014_Group14" 1 1 1 1 1 1 1 1 1 1 1 1
"015_Group15" 1 1 1 1 1 1 1 1 1 1 1 1
"016_Group16" 1 1 1 1 1 1 1 1 1 1 1 1
"017_Group17" 1 1 1 1 1 1 1 1 1 1 1 1
"018_Group18" 1 1 1 1 1 1 1 1 1 1 1 1
"019_Group19" 1 1 1 1 1 1 1 1 1 1 1 1
"020_Group20" 1 1 1 1 1 1 1 1 1 1 1 1
"021_Group21" 1 1 1 1 1 1 1 1 1 1 1 1
"022_Group22" 1 1 1 1 1 1 1 1 1 1 1 1
"023_Group23" 1 1 1 1 1 1 1 1 1 1 1 1
"024_Group24" 1 1 1 1 1 1 1 1 1 1 1 1
"025_Group25" 1 1 1 1 1 1 1 1 1 1 1 1
"026_Group26" 1 1 1 1 1 1 1 1 1 1 1 1
"027_Group27" 1 1 1 1 1 1 1 1 1 1 1 1
"028_Group28" 1 1 1 1 1 1 1 1 1 1 1 1
"029_Group29" 1 1 1 1 1 1 1 1 1 1 1 1
"030_Group30" 1 1 1 1 1 1 1 1 1 1 1 1
"031_Group31" 1 1 1 1 1 1 1 1 1 1 1 1
"032_Group32" 1 1 1 1 1 1 1 1 1 1 1 1
"033_Group33" 1 1 1 1 1 1 1 1 1 1 1 1
"034_Group34" 1 1 1 1 1 1 1 1 1 1 1 1
"035_Group35" 1 1 1 1 1 1 1 1 1 1 1 1
"036_Group36" 1 1 1 1 1 1 1 1 1 1 1 1
"037_Group37" 1 1 1 1 1 1 1 1 1 1 1 1
"038_Group38" 1 1 1 1 1 1 1 1 1 1 1 1
"039_Group39" 1 1 1 1 1 1 1 1 1 1 1 1
"040_Group40" 1 1 1 1 1 1 1 1 1 1 1 1
"041_Group41" 1 1 1 1 1 1 1 1 1 1 1 1
"042_Group42" 1 1 1 1 1 1 1 1 1 1 1 1
"043_Group43" 1 1 1 1 1 1 1 1 1 1 1 1
"044_Group44" 1 1 1 1 1 1 1 1 1 1 1 1
"045_Group45" 1 1 1 1 1 1 1 1 1 1 1 1
"046_Group46" 1 1 1 1 1 1 1 1 1 1 1 1
"047_Group47" 1 1 1 1 1 1 1 1 1 1 1 1
"048_Group48" 1 1 1 1 1 1 1 1 1 1 1 1
"049_Group49" 1 1 1 1 1 1 1 1 1 1 1 1
"050_Group50" 1 1 1 1 1 1 1 1 1 1 1 1
"051_Group51" 1 1 1 1 1 1 1 1 1 1 1 1
"052_Group52" 1 1 1 1 1 1 1 1 1 1 1 1
"053_Group53" 1 1 1 1 1 1 1 1 1 1 1 1
"054_Group54" 1 1 1 1 1 1 1 1 1 1 1 1
"055_Group55" 1 1 1 1 1 1 1 1 1 1 1 1
"056_Group56" 1 1 1 1 1 1 1 1 1 1 1 1
"057_Group57" 1 1 1 1 1 1 1 1 1 1 1 1
"058_Group58" 1 1 1 1 1 1 1 1 1 1 1 1
"059_Group59" 1 1 1 1 1 1 1 1 1 1 1 1
"060_Group60" 1 1 1 1 1 1 1 1 1 1 1 1
"061_Group61" 1 1 1 1 1 1 1 1 1 1 1 1
"062_Group62" 1 1 1 1 1 1 1 1 1 1 1 1
"063_Group63" 1 1 1 1 1 1 1 1 1 1 1 1
"064_Group64" 1 1 1 1 1 1 1 1 1 1 1 1
"065_Group65" 1 1 1 1 1 1 1 1 1 1 1 1
"066_Group66" 1 1 1 1 1 1 1 1 1 1 1 1
"067_Group67" 1 1 1 1 1 1 1 1 1 1 1 1
"068_Group68" 1 1 1 1 1 1 1 1 1 1 1 1
"069_Group69" 1 1 1 1 1 1 1 1 1 1 1 1
"070_Group70" 1 1 1 1 1 1 1 1 1 1 1 1
"071_Group71" 1 1 1 1 1 1 1 1 1 1 1 1
"072_Group72" 1 1 1 1 1 1 1 1 1 1 1 1
"073_Group73" 1 1 1 1 1 1 1 1 1 1 1 1
"074_Group74" 1 1 1 1 1 1 1 1 1 1 1 1
"075_Group75" 1 1 1 1 1 1 1 1 1 1 1 1
"076_Group76" 1 1 1 1 1 1 1 1 1 1 1 1
"077_Group77" 1 1 1 1 1 1 1 1 1 1 1 1
"078_Group78" 1 1 1 1 1 1 1 1 1 1 1 1
"079_Group79" 1 1 1 1 1 1 1 1 1 1 1 1
"080_Group80" 1 1 1 1 1 1 1 1 1 1 1 1
"081_Group81" 1 1 1 1 1 1 1 1 1 1 1 1
"082_Group82" 1 1 1 1 1 1 1 1 1 1 1 1
"083_Group83" 1 1 1 1 1 1 1 1 1 1 1 1
"084_Group84" 1 1 1 1 1 1 1 1 1 1 1 1
"085_Group85" 1 1 1 1 1 1 1 1 1 1 1 1
"086_Group86" 1 1 1 1 1 1 1 1 1 1 1 1
"087_Group87" 1 1 1 1 1 1 1 1 1 1 1 1
"088_Group88" 1 1 1 1 1 1 1 1 1 1 1 1
"089_Group89" 1 1 1 1 1 1 1 1 1 1 1 1
"090_Group90" 1 1 1 1 1 1 1 1 1 1 1 1
"091_Group91" 1 1 1 1 1 1 1 1 1 1 1 1
"092_Group92" 1 1 1 1 1 1 1 1 1 1 1 1
"093_Group93" 1 1 1 1 1 1 1 1 1 1 1 1
"094_Group94" 1 1 1 1 1 1 1 1 1 1 1 1
"095_Group95" 1 1 1 1 1 1 1 1 1 1 1 1

"<<<<<< Number of Samples per Acquisition Interval [1unit=500values] >>>>>>"
Time[m] 5 10 15 20 25 30 35 40 45 50 55 60 
#Samples 5 5 5 5 4 5 5 5 5 4 5 4 

"<<<<<< Average Temperature [°C] >>>>>>"
Time[m] 5 10 15 20 25 30 35 40 45 50 55 60 
Temp[°C] 24.9 24.9 24.8 24.9 24.9 24.9 24.9 24.9 24.9 24.9 24.9 24.9 

"<<<<<< Well Activity >>>>>>"
Well Group/Time[m] 5 10 15 20 25 30 35 40 45 50 55 60
A1 "000_Group0" 58 81 65 75 42 71 53 102 85 62 78 47
B1 "001_Group1" 51 83 69 62 61 86 91 60 89 42 58 44
C1 "002_Group2" 74 53 63 68 27 50 43 34 48 59 75 46
D1 "003_Group3" 31 61 55 54 39 48 53 40 57 19 45 39
E1 "004_Group4" 44 54 50 49 23 28 27 22 27 28 26 20
F1 "005_Group5" 69 29 39 21 21 16 15 13 27 6 13 13
G1 "006_Group6" 80 37 21 14 9 10 11 15 13 14 13 8
H1 "007_Group7" 1 0 7 4 0 10 0 1 0 0 0 2
A2 "008_Group8" 55 92 79 89 63 40 52 96 81 65 65 83
B2 "009_Group9" 55 98 84 97 36 84 64 45 85 35 75 47
C2 "010_Group10" 0 0 5 0 0 13 1 16 5 9 11 4
D2 "011_Group11" 4 8 4 0 8 34 12 12 22 17 50 22
E2 "012_Group12" 18 28 48 39 22 37 7 16 24 4 15 20
F2 "013_Group13" 25 83 42 12 30 17 15 17 26 14 12 9
G2 "014_Group14" 7 14 11 1 13 43 27 14 9 6 8 10
H2 "015_Group15" 0 0 0 0 0 0 0 0 0 2 0 0
A3 "016_Group16" 57 83 34 43 56 67 65 65 82 54 63 70
B3 "017_Group17" 33 27 46 50 45 63 62 53 53 65 72 62
C3 "018_Group18" 67 52 45 48 39 54 39 69 58 53 60 51
D3 "019_Group19" 59 51 54 45 45 58 57 60 70 42 72 60
E3 "020_Group20" 43 36 66 30 67 48 47 48 63 22 45 29
F3 "021_Group21" 9 37 55 54 33 42 30 27 36 17 17 8
G3 "022_Group22" 71 15 35 15 13 12 20 29 19 25 19 8
H3 "023_Group23" 3 11 0 13 0 8 0 0 0 9 0 5
A4 "024_Group24" 58 42 44 41 35 57 60 82 80 53 61 42
B4 "025_Group25" 60 67 55 53 43 56 55 75 56 45 70 37
C4 "026_Group26" 77 62 64 58 43 67 42 58 66 29 66 35
D4 "027_Group27" 51 59 45 45 42 58 47 51 65 55 44 49
E4 "028_Group28" 39 41 48 45 51 62 34 33 38 16 37 29
F4 "029_Group29" 48 44 40 27 16 18 8 19 28 22 23 11
G4 "030_Group30" 22 39 28 16 9 5 6 12 13 18 17 10
H4 "031_Group31" 0 0 0 14 3 3 14 10 3 11 5 0
A5 "032_Group32" 59 73 95 71 55 78 72 83 75 62 84 71
B5 "033_Group33" 69 59 68 94 45 64 66 66 63 53 68 72
C5 "034_Group34" 63 48 60 67 76 43 64 57 67 53 55 55
D5 "035_Group35" 58 54 65 43 33 39 88 66 74 49 52 50
E5 "036_Group36" 40 48 62 70 37 45 51 40 68 37 46 35
F5 "037_Group37" 54 34 51 44 14 10 18 25 18 14 20 13
G5 "038_Group38" 93 40 8 15 10 12 13 16 18 16 16 12
H5 "039_Group39" 17 3 6 8 26 5 15 11 3 7 1 12
A6 "040_Group40" 40 40 55 46 41 71 53 39 73 84 68 50
B6 "041_Group41" 57 69 98 69 49 58 62 61 50 37 53 50
C6 "042_Group42" 62 58 98 53 55 52 64 68 57 56 74 48
D6 "043_Group43" 102 93 82 58 44 90 49 61 53 54 67 45
E6 "044_Group44" 49 34 38 79 57 31 38 46 46 38 55 35
F6 "045_Group45" 40 48 35 34 20 24 13 21 28 16 12 8
G6 "046_Group46" 69 23 42 15 9 10 11 15 12 14 12 8
H6 "047_Group47" 53 46 60 6 12 23 17 14 46 10 21 18
A7 "048_Group48" 56 63 56 77 94 82 64 90 69 80 77 44
B7 "049_Group49" 70 66 42 77 63 69 39 62 41 24 40 34
C7 "050_Group50" 54 43 69 39 43 43 52 38 54 44 64 58
D7 "051_Group51" 37 72 105 65 56 34 67 54 55 59 73 45
E7 "052_Group52" 33 44 45 34 30 47 34 33 46 19 39 26
F7 "053_Group53" 47 53 71 34 23 11 13 12 17 21 21 15
G7 "054_Group54" 45 46 57 25 10 13 8 7 13 14 14 8
H7 "055_Group55" 22 19 0 12 8 6 2 15 1 15 46 23
A8 "056_Group56" 43 49 74 50 40 85 79 48 66 66 78 82
B8 "057_Group57" 50 47 99 80 53 86 45 80 68 56 67 58
C8 "058_Group58" 57 63 73 52 37 74 73 65 90 46 72 37
D8 "059_Group59" 59 57 48 82 55 57 66 59 75 58 74 42
E8 "060_Group60" 33 54 49 35 31 54 33 24 44 34 44 21
F8 "061_Group61" 39 50 47 60 31 45 27 34 23 14 26 9
G8 "062_Group62" 47 39 23 13 4 10 11 15 12 16 12 8
H8 "063_Group63" 12 10 0 0 4 0 5 4 2 0 10 0
A9 "064_Group64" 50 87 96 79 72 79 60 48 75 50 98 53
B9 "065_Group65" 48 74 94 95 80 91 76 94 75 52 58 69
C9 "066_Group66" 74 106 89 87 70 78 82 87 73 54 57 55
D9 "067_Group67" 72 86 99 99 68 40 65 73 70 65 69 45
E9 "068_Group68" 53 103 81 95 56 47 34 60 42 21 60 30
F9 "069_Group69" 54 59 56 13 33 22 22 20 32 28 24 18
G9 "070_Group70" 78 78 46 12 11 10 16 17 12 13 12 8
H9 "071_Group71" 31 14 19 13 9 14 25 6 22 1 12 8
A10 "072_Group72" 23 41 32 49 49 48 66 56 73 52 67 36
B10 "073_Group73" 60 59 56 30 26 46 46 47 42 51 54 35
C10 "074_Group74" 41 52 58 45 41 55 57 44 62 35 71 53
D10 "075_Group75" 23 41 48 35 25 48 31 61 54 46 40 31
E10 "076_Group76" 48 47 38 46 29 35 22 26 56 36 47 31
F10 "077_Group77" 52 67 29 20 9 31 20 19 14 13 13 5
G10 "078_Group78" 52 25 10 15 2 8 0 3 4 26 18 8
H10 "079_Group79" 8 1 0 0 0 0 0 5 6 0 2 5
A11 "080_Group80" 50 54 37 40 15 38 40 31 48 44 46 37
B11 "081_Group81" 48 49 30 57 26 65 63 60 67 60 55 42
C11 "082_Group82" 15 7 21 1 14 22 5 1 12 11 15 12
D11 "083_Group83" 16 17 1 5 14 11 14 13 14 16 4 0
E11 "084_Group84" 38 25 40 62 33 27 57 59 44 37 52 35
F11 "085_Group85" 68 72 58 51 29 19 34 23 24 19 21 14
G11 "086_Group86" 55 27 33 13 7 19 10 22 15 42 9 29
H11 "087_Group87" 0 0 0 0 0 0 0 0 0 0 0 0
A12 "088_Group88" 36 28 17 20 9 10 17 21 19 10 20 25
B12 "089_Group89" 57 14 23 41 29 26 36 44 44 58 62 41
C12 "090_Group90" 37 17 48 32 11 90 73 66 64 33 45 54
D12 "091_Group91" 47 79 24 35 20 87 63 44 71 53 66 49
E12 "092_Group92" 67 52 40 30 54 58 57 37 61 26 57 60
F12 "093_Group93" 65 39 44 9 20 31 47 13 8 8 9 5
G12 "094_Group94" 79 25 22 15 12 59 43 34 13 14 12 8
H12 "095_Group95" 43 9 17 6 19 35 2 5 0 0 3 0

"<<<<<< Channel Activity >>>>>>"
Channel Well Group/Time[m] 5 10 15 20 25 30 35 40 45 50 55 60
CH0 A1.0 "000_Group0" 58 81 65 75 42 71 53 102 85 62 78 47
CH2 B1.0 "001_Group1" 51 83 69 62 61 86 91 60 89 42 58 44
CH4 C1.0 "002_Group2" 74 53 63 68 27 50 43 34 48 59 75 46
CH6 D1.0 "003_Group3" 31 61 55 54 39 48 53 40 57 19 45 39
CH8 E1.0 "004_Group4" 44 54 50 49 23 28 27 22 27 28 26 20
CH10 F1.0 "005_Group5" 69 29 39 21 21 16 15 13 27 6 13 13
CH12 G1.0 "006_Group6" 80 37 21 14 9 10 11 15 13 14 13 8
CH14 H1.0 "007_Group7" 1 0 7 4 0 10 0 1 0 0 0 2
CH32 A2.0 "008_Group8" 55 92 79 89 63 40 52 96 81 65 65 83
CH34 B2.0 "009_Group9" 55 98 84 97 36 84 64 45 85 35 75 47
CH36 C2.0 "010_Group10" 0 0 5 0 0 13 1 16 5 9 11 4
CH38 D2.0 "011_Group11" 4 8 4 0 8 34 12 12 22 17 50 22
CH40 E2.0 "012_Group12" 18 28 48 39 22 37 7 16 24 4 15 20
CH42 F2.0 "013_Group13" 25 83 42 12 30 17 15 17 26 14 12 9
CH44 G2.0 "014_Group14" 7 14 11 1 13 43 27 14 9 6 8 10
CH46 H2.0 "015_Group15" 0 0 0 0 0 0 0 0 0 2 0 0
CH64 A3.0 "016_Group16" 57 83 34 43 56 67 65 65 82 54 63 70
CH66 B3.0 "017_Group17" 33 27 46 50 45 63 62 53 53 65 72 62
CH68 C3.0 "018_Group18" 67 52 45 48 39 54 39 69 58 53 60 51
CH70 D3.0 "019_Group19" 59 51 54 45 45 58 57 60 70 42 72 60
CH72 E3.0 "020_Group20" 43 36 66 30 67 48 47 48 63 22 45 29
CH74 F3.0 "021_Group21" 9 37 55 54 33 42 30 27 36 17 17 8
CH76 G3.0 "022_Group22" 71 15 35 15 13 12 20 29 19 25 19 8
CH78 H3.0 "023_Group23" 3 11 0 13 0 8 0 0 0 9 0 5
CH96 A4.0 "024_Group24" 58 42 44 41 35 57 60 82 80 53 61 42
CH98 B4.0 "025_Group25" 60 67 55 53 43 56 55 75 56 45 70 37
CH100 C4.0 "026_Group26" 77 62 64 58 43 67 42 58 66 29 66 35
CH102 D4.0 "027_Group27" 51 59 45 45 42 58 47 51 65 55 44 49
CH104 E4.0 "028_Group28" 39 41 48 45 51 62 34 33 38 16 37 29
CH106 F4.0 "029_Group29" 48 44 40 27 16 18 8 19 28 22 23 11
CH108 G4.0 "030_Group30" 22 39 28 16 9 5 6 12 13 18 17 10
CH110 H4.0 "031_Group31" 0 0 0 14 3 3 14 10 3 11 5 0
CH128 A5.0 "032_Group32" 59 73 95 71 55 78 72 83 75 62 84 71
CH130 B5.0 "033_Group33" 69 59 68 94 45 64 66 66 63 53 68 72
CH132 C5.0 "034_Group34" 63 48 60 67 76 43 64 57 67 53 55 55
CH134 D5.0 "035_Group35" 58 54 65 43 33 39 88 66 74 49 52 50
CH136 E5.0 "036_Group36" 40 48 62 70 37 45 51 40 68 37 46 35
CH138 F5.0 "037_Group37" 54 34 51 44 14 10 18 25 18 14 20 13
CH140 G5.0 "038_Group38" 93 40 8 15 10 12 13 16 18 16 16 12
CH142 H5.0 "039_Group39" 17 3 6 8 26 5 15 11 3 7 1 12
CH160 A6.0 "040_Group40" 40 40 55 46 41 71 53 39 73 84 68 50
CH162 B6.0 "041_Group41" 57 69 98 69 49 58 62 61 50 37 53 50
CH164 C6.0 "042_Group42" 62 58 98 53 55 52 64 68 57 56 74 48
CH166 D6.0 "043_Group43" 102 93 82 58 44 90 49 61 53 54 67 45
CH168 E6.0 "044_Group44" 49 34 38 79 57 31 38 46 46 38 55 35
CH170 F6.0 "045_Group45" 40 48 35 34 20 24 13 21 28 16 12 8
CH172 G6.0 "046_Group46" 69 23 42 15 9 10 11 15 12 14 12 8
CH174 H6.0 "047_Group47" 53 46 60 6 12 23 17 14 46 10 21 18
CH192 A7.0 "048_Group48" 56 63 56 77 94 82 64 90 69 80 77 44
CH194 B7.0 "049_Group49" 70 66 42 77 63 69 39 62 41 24 40 34
CH196 C7.0 "050_Group50" 54 43 69 39 43 43 52 38 54 44 64 58
CH198 D7.0 "051_Group51" 37 72 105 65 56 34 67 54 55 59 73 45
CH200 E7.0 "052_Group52" 33 44 45 34 30 47 34 33 46 19 39 26
CH202 F7.0 "053_Group53" 47 53 71 34 23 11 13 12 17 21 21 15
CH204 G7.0 "054_Group54" 45 46 57 25 10 13 8 7 13 14 14 8
CH206 H7.0 "055_Group55" 22 19 0 12 8 6 2 15 1 15 46 23
CH224 A8.0 "056_Group56" 43 49 74 50 40 85 79 48 66 66 78 82
CH226 B8.0 "057_Group57" 50 47 99 80 53 86 45 80 68 56 67 58
CH228 C8.0 "058_Group58" 57 63 73 52 37 74 73 65 90 46 72 37
CH230 D8.0 "059_Group59" 59 57 48 82 55 57 66 59 75 58 74 42
CH232 E8.0 "060_Group60" 33 54 49 35 31 54 33 24 44 34 44 21
CH234 F8.0 "061_Group61" 39 50 47 60 31 45 27 34 23 14 26 9
CH236 G8.0 "062_Group62" 47 39 23 13 4 10 11 15 12 16 12 8
CH238 H8.0 "063_Group63" 12 10 0 0 4 0 5 4 2 0 10 0
CH256 A9.0 "064_Group64" 50 87 96 79 72 79 60 48 75 50 98 53
CH258 B9.0 "065_Group65" 48 74 94 95 80 91 76 94 75 52 58 69
CH260 C9.0 "066_Group66" 74 106 89 87 70 78 82 87 73 54 57 55
CH262 D9.0 "067_Group67" 72 86 99 99 68 40 65 73 70 65 69 45
CH264 E9.0 "068_Group68" 53 103 81 95 56 47 34 60 42 21 60 30
CH266 F9.0 "069_Group69" 54 59 56 13 33 22 22 20 32 28 24 18
CH268 G9.0 "070_Group70" 78 78 46 12 11 10 16 17 12 13 12 8
CH270 H9.0 "071_Group71" 31 14 19 13 9 14 25 6 22 1 12 8
CH288 A10.0 "072_Group72" 23 41 32 49 49 48 66 56 73 52 67 36
CH290 B10.0 "073_Group73" 60 59 56 30 26 46 46 47 42 51 54 35
CH292 C10.0 "074_Group74" 41 52 58 45 41 55 57 44 62 35 71 53
CH294 D10.0 "075_Group75" 23 41 48 35 25 48 31 61 54 46 40 31
CH296 E10.0 "076_Group76" 48 47 38 46 29 35 22 26 56 36 47 31
CH298 F10.0 "077_Group77" 52 67 29 20 9 31 20 19 14 13 13 5
CH300 G10.0 "078_Group78" 52 25 10 15 2 8 0 3 4 26 18 8
CH302 H10.0 "079_Group79" 8 1 0 0 0 0 0 5 6 0 2 5
CH320 A11.0 "080_Group80" 50 54 37 40 15 38 40 31 48 44 46 37
CH322 B11.0 "081_Group81" 48 49 30 57 26 65 63 60 67 60 55 42
CH324 C11.0 "082_Group82" 15 7 21 1 14 22 5 1 12 11 15 12
CH326 D11.0 "083_Group83" 16 17 1 5 14 11 14 13 14 16 4 0
CH328 E11.0 "084_Group84" 38 25 40 62 33 27 57 59 44 37 52 35
CH330 F11.0 "085_Group85" 68 72 58 51 29 19 34 23 24 19 21 14
CH332 G11.0 "086_Group86" 55 27 33 13 7 19 10 22 15 42 9 29
CH334 H11.0 "087_Group87" 0 0 0 0 0 0 0 0 0 0 0 0
CH352 A12.0 "088_Group88" 36 28 17 20 9 10 17 21 19 10 20 25
CH354 B12.0 "089_Group89" 57 14 23 41 29 26 36 44 44 58 62 41
CH356 C12.0 "090_Group90" 37 17 48 32 11 90 73 66 64 33 45 54
CH358 D12.0 "091_Group91" 47 79 24 35 20 87 63 44 71 53 66 49
CH360 E12.0 "092_Group92" 67 52 40 30 54 58 57 37 61 26 57 60
CH362 F12.0 "093_Group93" 65 39 44 9 20 31 47 13 8 8 9 5
CH364 G12.0 "094_Group94" 79 25 22 15 12 59 43 34 13 14 12 8
CH366 H12.0 "095_Group95" 43 9 17 6 19 35 2 5 0 0 3 0
