"DATE:" "2/19/2015 12:05:21 PM"
"FILE:" "C:\Users\AndersenLab\Desktop\wmicrotracker\p00011\20150219_1103"
"SUBPROJECT:" "20150219_Levamisole"

"<<<<<< Group Activity: Average Activity Counts per Data Interval>>>>>>"
Group/Time[m] 2 4 6 8 10 12 14 16 18 20 22 24 26 28 30 32 34 36 38 40 42 44 46 48 50 52 54 56 58 60
"000_Group0" 9 11 10 4 6 7 0 0 6 4 12 6 8 8 0 3 12 2 0 7 4 0 0 5 12 5 8 7 13 9
"001_Group1" 14 7 10 12 11 16 18 12 7 17 15 14 13 14 10 12 23 10 15 23 31 20 4 3 6 11 8 10 14 23
"002_Group2" 11 8 8 9 13 8 15 7 18 22 20 22 13 9 6 3 14 9 12 17 10 15 6 16 12 10 7 12 10 7
"003_Group3" 9 24 17 11 16 21 21 2 14 13 10 21 18 26 8 14 17 27 17 14 13 15 13 16 17 13 16 13 14 13
"004_Group4" 26 21 23 30 19 22 23 19 16 24 20 13 23 12 7 21 26 13 22 23 16 17 4 16 27 24 19 17 19 23
"005_Group5" 12 16 15 14 15 17 9 5 15 7 9 15 16 20 6 16 16 18 25 20 22 21 9 27 18 15 26 17 12 15
"006_Group6" 24 10 14 6 6 12 11 5 21 18 14 26 20 15 7 19 20 12 9 11 10 8 4 13 16 18 14 22 18 18
"007_Group7" 17 22 29 14 29 12 16 6 16 17 18 24 17 12 4 17 16 14 11 9 23 21 5 15 13 16 11 17 14 20
"008_Group8" 8 6 8 17 21 21 17 3 8 7 11 18 13 15 11 13 15 18 12 10 8 15 9 8 14 10 10 6 13 22
"009_Group9" 12 11 14 10 8 15 16 7 7 8 12 15 13 17 9 23 13 11 21 13 12 10 5 9 7 11 11 15 23 11
"010_Group10" 9 19 11 5 15 15 10 5 13 17 13 14 17 15 16 21 17 18 20 21 20 13 8 21 10 19 15 11 12 15
"011_Group11" 15 16 24 27 17 16 11 12 21 23 21 21 26 18 14 24 22 24 20 22 22 20 19 22 11 25 29 20 13 23
"012_Group12" 23 29 28 25 28 31 28 16 36 34 34 48 24 46 5 22 36 22 28 25 37 36 15 34 32 30 23 18 22 32
"013_Group13" 23 15 17 22 21 28 18 13 28 23 29 31 22 25 11 34 29 24 16 28 32 32 11 21 34 23 28 19 19 28
"014_Group14" 41 38 39 50 28 29 20 11 18 33 28 31 23 25 14 29 20 23 17 17 30 18 11 28 29 26 28 32 31 30
"015_Group15" 48 39 48 43 43 43 39 27 33 26 31 23 24 23 7 31 21 21 39 18 28 15 13 38 19 34 27 26 30 27
"016_Group16" 16 11 10 17 20 4 6 0 3 5 0 9 11 9 5 2 8 5 7 2 0 8 8 13 27 14 12 11 9 8
"017_Group17" 6 11 12 12 7 17 11 6 24 9 10 12 15 11 8 11 21 22 23 9 12 20 3 22 19 21 19 15 20 24
"018_Group18" 5 5 2 14 17 11 14 3 6 9 19 8 19 14 2 17 17 24 12 27 16 18 12 31 17 17 20 21 15 11
"019_Group19" 0 0 0 1 0 0 0 0 0 0 0 0 0 0 0 0 0 0 0 0 0 0 0 0 0 0 0 0 0 0
"020_Group20" 14 25 37 23 24 24 21 8 14 25 22 15 21 27 8 26 16 19 23 21 18 20 13 21 13 17 23 20 21 21
"021_Group21" 12 4 11 23 17 18 11 6 17 14 9 12 11 18 13 15 13 17 12 15 19 17 4 13 6 10 16 18 18 17
"022_Group22" 25 24 20 17 26 12 16 7 23 25 13 14 17 21 7 25 19 17 15 32 18 28 7 13 21 22 24 20 16 24
"023_Group23" 41 37 36 23 34 26 23 12 22 15 22 19 22 19 10 14 16 19 16 14 20 17 10 17 18 19 11 20 24 21
"024_Group24" 9 5 9 6 23 3 11 0 1 1 3 5 8 0 1 3 1 2 1 5 22 15 9 19 25 23 15 13 12 13
"025_Group25" 6 3 9 10 8 9 4 9 11 25 21 11 11 5 1 14 21 14 9 14 16 12 2 21 12 13 12 18 12 10
"026_Group26" 6 7 5 6 7 10 7 5 8 15 24 15 18 13 7 22 20 14 20 15 19 22 8 13 17 20 22 12 33 28
"027_Group27" 12 20 15 19 21 19 10 11 14 17 13 13 20 19 11 16 12 16 25 19 18 11 9 22 14 21 27 12 23 15
"028_Group28" 35 23 25 19 18 29 23 12 27 20 19 18 13 17 8 17 15 21 22 20 19 18 10 25 20 15 21 22 22 17
"029_Group29" 18 17 20 27 19 26 18 12 22 19 18 20 18 19 15 15 13 16 24 26 19 16 6 20 26 23 21 18 12 12
"030_Group30" 25 34 24 16 20 21 20 14 17 13 27 21 22 16 13 28 23 26 19 24 20 18 14 26 22 23 27 18 24 27
"031_Group31" 33 30 40 37 31 26 33 12 23 25 33 19 33 16 9 26 24 17 22 21 21 20 9 24 24 21 19 23 23 17
"032_Group32" 5 13 10 19 13 10 2 10 18 11 8 4 2 10 5 6 2 7 9 8 14 19 9 26 21 17 12 21 18 16
"033_Group33" 4 5 7 8 14 11 12 5 6 10 13 8 16 8 11 13 22 26 16 20 9 17 14 19 10 12 11 12 11 4
"034_Group34" 6 13 16 12 8 10 13 6 7 11 13 15 13 16 5 16 14 17 21 22 25 20 10 23 24 21 14 20 20 24
"035_Group35" 10 14 21 9 16 14 13 8 15 15 11 16 12 13 6 19 18 21 12 16 14 13 3 23 13 14 14 15 14 16
"036_Group36" 19 20 22 23 13 16 26 12 26 20 25 13 25 29 13 12 25 19 27 24 27 15 19 16 28 26 14 13 23 25
"037_Group37" 11 13 17 21 15 16 13 6 14 23 19 17 19 22 8 19 23 19 13 18 11 21 9 21 16 14 17 17 13 14
"038_Group38" 28 18 28 28 29 23 25 13 18 34 28 21 32 29 13 22 25 25 23 28 27 21 12 23 26 36 30 20 35 20
"039_Group39" 45 38 46 36 23 24 20 15 18 22 20 24 29 17 8 35 21 23 18 24 23 27 9 13 23 22 18 17 32 22
"040_Group40" 11 23 18 8 22 9 10 4 16 15 8 3 4 9 10 5 19 4 12 8 16 25 10 15 13 23 19 23 21 11
"041_Group41" 18 16 20 22 8 13 26 5 12 6 15 15 23 18 13 11 15 17 27 12 17 9 12 15 6 5 4 6 20 5
"042_Group42" 6 2 4 14 9 8 15 7 11 16 13 5 11 14 5 10 16 19 14 22 16 7 13 22 22 20 20 16 18 16
"043_Group43" 14 11 17 21 21 16 23 10 13 18 18 19 14 14 6 13 16 20 20 16 14 21 7 20 14 10 20 15 17 16
"044_Group44" 29 17 29 21 21 16 19 11 11 10 15 18 20 29 8 22 20 17 18 19 23 21 6 21 20 13 18 15 20 21
"045_Group45" 19 16 19 31 15 22 23 6 16 17 14 20 20 10 9 14 22 19 17 28 27 23 10 12 24 25 26 20 11 17
"046_Group46" 21 19 17 25 17 27 29 12 13 23 17 28 22 21 15 17 27 15 29 19 19 18 8 17 23 26 19 26 16 16
"047_Group47" 45 30 41 39 38 33 40 10 23 23 27 17 31 21 18 35 26 17 21 26 30 37 14 32 13 24 31 19 27 20
"048_Group48" 13 13 2 2 0 0 4 0 1 0 0 1 3 4 5 9 0 4 1 6 7 6 1 6 11 2 6 7 7 9
"049_Group49" 15 8 24 20 9 14 13 4 14 12 15 12 13 21 3 10 24 12 9 10 9 17 5 18 14 14 17 22 12 14
"050_Group50" 15 16 24 16 9 11 16 11 17 13 13 19 16 12 9 12 12 8 7 8 10 5 5 4 9 7 10 24 16 9
"051_Group51" 14 19 21 12 18 19 16 8 17 21 18 24 20 11 8 13 14 18 13 17 14 20 7 19 15 11 14 20 14 13
"052_Group52" 18 16 28 17 26 19 19 10 22 18 20 21 21 25 8 23 24 17 15 25 25 17 12 17 20 19 17 17 17 15
"053_Group53" 33 15 20 18 21 16 28 11 26 16 12 25 17 20 11 19 17 27 18 24 17 22 8 15 18 13 29 16 11 17
"054_Group54" 20 21 19 21 23 26 18 11 28 21 16 24 22 24 7 28 23 35 29 24 19 18 23 16 25 24 25 26 24 32
"055_Group55" 0 0 0 0 0 0 0 0 0 0 0 0 0 0 0 0 0 0 0 0 0 0 0 0 0 0 0 0 0 0
"056_Group56" 10 14 6 4 5 12 15 6 7 11 10 13 16 9 2 21 6 8 6 15 22 8 4 17 15 12 6 6 6 6
"057_Group57" 13 9 18 11 15 17 20 6 20 17 20 23 15 24 11 22 29 25 28 22 20 19 6 19 14 9 20 13 7 14
"058_Group58" 17 15 13 13 11 24 11 9 20 11 23 15 9 13 2 17 18 21 14 20 12 21 6 13 18 12 15 14 23 12
"059_Group59" 12 11 10 8 16 11 15 6 19 14 25 21 25 27 13 18 24 21 20 22 17 24 11 21 17 13 11 18 18 17
"060_Group60" 20 31 32 39 29 19 37 21 35 32 27 19 13 20 8 14 23 18 21 25 21 20 17 23 26 16 21 18 23 23
"061_Group61" 15 23 29 20 36 32 24 24 26 31 26 17 21 31 18 19 27 23 31 27 20 11 7 17 22 35 24 27 17 22
"062_Group62" 43 31 33 51 43 34 24 11 19 22 24 21 15 20 9 21 26 24 33 26 28 20 6 33 23 27 18 26 32 24
"063_Group63" 32 40 50 35 24 18 26 16 30 23 21 28 16 25 7 29 22 22 20 25 27 31 16 24 21 21 21 20 19 24
"064_Group64" 13 7 12 4 3 5 6 0 2 3 7 3 6 5 2 3 0 6 1 6 0 7 2 1 10 6 11 12 8 10
"065_Group65" 6 4 12 3 5 9 5 4 9 14 8 4 10 13 5 12 9 16 9 11 8 12 9 4 10 9 11 14 12 9
"066_Group66" 5 14 13 17 6 11 9 4 9 8 10 11 7 8 5 9 8 9 11 13 9 18 8 14 9 9 10 17 13 14
"067_Group67" 12 11 10 17 13 14 14 8 11 11 14 14 14 13 5 16 17 14 15 12 17 19 10 19 17 9 13 21 16 17
"068_Group68" 26 26 35 22 21 20 20 12 22 23 23 28 31 9 6 17 14 24 18 23 15 29 7 20 15 19 16 26 29 24
"069_Group69" 17 18 11 22 19 19 28 6 12 21 18 22 13 8 10 11 17 35 12 18 17 18 11 19 24 21 20 25 20 21
"070_Group70" 18 29 12 13 28 17 32 12 32 12 23 17 13 25 12 21 15 17 28 14 14 23 7 25 20 18 15 17 14 21
"071_Group71" 0 0 0 0 0 0 0 0 0 0 0 0 0 0 0 1 0 0 0 0 0 0 0 0 0 0 0 0 0 0
"072_Group72" 5 6 9 12 3 0 0 0 0 0 0 0 0 2 5 11 19 10 11 9 9 4 3 8 10 17 15 10 10 16
"073_Group73" 10 21 17 17 20 12 15 5 14 6 9 18 20 8 3 6 5 15 19 16 19 14 1 9 15 10 4 20 16 19
"074_Group74" 13 4 18 20 12 22 18 9 13 7 8 19 4 27 16 21 15 20 22 20 26 25 11 13 10 15 18 21 22 17
"075_Group75" 15 18 19 21 9 26 10 7 11 8 19 19 13 17 10 10 24 16 21 16 14 18 8 17 16 14 20 6 20 17
"076_Group76" 0 0 0 0 0 0 0 0 0 0 0 0 0 0 0 0 0 0 0 0 0 0 0 0 0 0 0 0 1 0
"077_Group77" 10 13 19 13 18 12 10 6 22 14 10 15 16 13 10 10 14 15 15 17 16 24 14 15 17 19 14 21 22 19
"078_Group78" 36 27 20 23 22 18 20 15 25 23 21 19 31 21 12 18 23 20 16 23 22 32 15 31 16 21 29 20 21 29
"079_Group79" 33 29 34 30 31 28 24 15 19 21 21 18 23 18 8 18 13 23 17 32 28 26 8 15 14 20 20 17 23 9
"080_Group80" 2 0 4 0 0 7 4 0 5 11 16 9 6 8 2 4 4 5 5 7 7 15 6 9 7 7 7 8 7 7
"081_Group81" 8 9 7 13 4 11 1 1 0 1 6 1 3 3 2 5 10 7 7 20 8 12 6 9 8 13 9 12 10 12
"082_Group82" 10 6 14 9 14 10 11 5 9 6 5 5 4 8 7 10 17 7 13 12 16 6 12 19 10 7 15 18 14 14
"083_Group83" 8 13 21 7 13 17 17 6 20 20 12 13 19 13 5 13 16 15 13 15 18 17 9 17 15 12 21 19 9 19
"084_Group84" 17 19 31 19 19 14 23 8 25 19 22 13 22 17 8 22 15 24 19 27 19 27 16 14 18 18 19 14 19 18
"085_Group85" 14 18 26 16 19 32 13 11 14 19 13 11 14 19 17 17 14 30 20 21 19 24 8 21 24 14 18 13 25 27
"086_Group86" 20 28 24 29 20 15 22 13 24 28 23 23 19 16 6 22 27 17 15 18 18 16 7 12 11 15 19 16 21 18
"087_Group87" 19 19 21 24 14 29 13 6 24 22 17 13 20 17 10 19 17 22 22 26 20 23 10 26 21 14 23 21 16 16
"088_Group88" 7 10 6 11 8 10 7 8 5 9 5 3 4 9 0 4 0 1 11 4 5 8 2 6 1 7 1 1 4 7
"089_Group89" 14 19 9 9 8 12 18 9 10 11 18 13 17 12 4 18 21 9 6 10 7 10 3 12 5 6 10 16 7 7
"090_Group90" 16 10 5 12 7 6 11 7 17 8 23 15 19 9 6 24 17 10 11 14 17 12 6 17 13 10 16 9 20 14
"091_Group91" 10 24 17 9 18 20 15 15 24 18 17 14 24 31 7 18 20 17 22 16 22 25 9 16 19 16 21 14 19 27
"092_Group92" 20 25 29 24 22 30 15 9 18 23 24 13 23 19 9 23 10 17 23 21 15 18 13 20 19 19 21 14 21 21
"093_Group93" 17 23 22 22 17 18 21 12 29 21 20 22 27 19 12 25 20 26 21 17 20 23 12 31 16 17 30 19 37 30
"094_Group94" 21 17 19 14 22 25 16 6 11 20 16 25 17 14 6 21 16 18 15 9 16 19 9 23 19 22 25 29 17 17
"095_Group95" 28 39 32 31 33 34 30 10 21 21 35 26 25 26 16 23 23 20 30 18 32 15 25 41 20 23 42 26 30 27

"<<<<<< Group Activity: Number of wells/group >>>>>>"
Group/Time[m] 2 4 6 8 10 12 14 16 18 20 22 24 26 28 30 32 34 36 38 40 42 44 46 48 50 52 54 56 58 60
"000_Group0" 1 1 1 1 1 1 1 1 1 1 1 1 1 1 1 1 1 1 1 1 1 1 1 1 1 1 1 1 1 1
"001_Group1" 1 1 1 1 1 1 1 1 1 1 1 1 1 1 1 1 1 1 1 1 1 1 1 1 1 1 1 1 1 1
"002_Group2" 1 1 1 1 1 1 1 1 1 1 1 1 1 1 1 1 1 1 1 1 1 1 1 1 1 1 1 1 1 1
"003_Group3" 1 1 1 1 1 1 1 1 1 1 1 1 1 1 1 1 1 1 1 1 1 1 1 1 1 1 1 1 1 1
"004_Group4" 1 1 1 1 1 1 1 1 1 1 1 1 1 1 1 1 1 1 1 1 1 1 1 1 1 1 1 1 1 1
"005_Group5" 1 1 1 1 1 1 1 1 1 1 1 1 1 1 1 1 1 1 1 1 1 1 1 1 1 1 1 1 1 1
"006_Group6" 1 1 1 1 1 1 1 1 1 1 1 1 1 1 1 1 1 1 1 1 1 1 1 1 1 1 1 1 1 1
"007_Group7" 1 1 1 1 1 1 1 1 1 1 1 1 1 1 1 1 1 1 1 1 1 1 1 1 1 1 1 1 1 1
"008_Group8" 1 1 1 1 1 1 1 1 1 1 1 1 1 1 1 1 1 1 1 1 1 1 1 1 1 1 1 1 1 1
"009_Group9" 1 1 1 1 1 1 1 1 1 1 1 1 1 1 1 1 1 1 1 1 1 1 1 1 1 1 1 1 1 1
"010_Group10" 1 1 1 1 1 1 1 1 1 1 1 1 1 1 1 1 1 1 1 1 1 1 1 1 1 1 1 1 1 1
"011_Group11" 1 1 1 1 1 1 1 1 1 1 1 1 1 1 1 1 1 1 1 1 1 1 1 1 1 1 1 1 1 1
"012_Group12" 1 1 1 1 1 1 1 1 1 1 1 1 1 1 1 1 1 1 1 1 1 1 1 1 1 1 1 1 1 1
"013_Group13" 1 1 1 1 1 1 1 1 1 1 1 1 1 1 1 1 1 1 1 1 1 1 1 1 1 1 1 1 1 1
"014_Group14" 1 1 1 1 1 1 1 1 1 1 1 1 1 1 1 1 1 1 1 1 1 1 1 1 1 1 1 1 1 1
"015_Group15" 1 1 1 1 1 1 1 1 1 1 1 1 1 1 1 1 1 1 1 1 1 1 1 1 1 1 1 1 1 1
"016_Group16" 1 1 1 1 1 1 1 1 1 1 1 1 1 1 1 1 1 1 1 1 1 1 1 1 1 1 1 1 1 1
"017_Group17" 1 1 1 1 1 1 1 1 1 1 1 1 1 1 1 1 1 1 1 1 1 1 1 1 1 1 1 1 1 1
"018_Group18" 1 1 1 1 1 1 1 1 1 1 1 1 1 1 1 1 1 1 1 1 1 1 1 1 1 1 1 1 1 1
"019_Group19" 1 1 1 1 1 1 1 1 1 1 1 1 1 1 1 1 1 1 1 1 1 1 1 1 1 1 1 1 1 1
"020_Group20" 1 1 1 1 1 1 1 1 1 1 1 1 1 1 1 1 1 1 1 1 1 1 1 1 1 1 1 1 1 1
"021_Group21" 1 1 1 1 1 1 1 1 1 1 1 1 1 1 1 1 1 1 1 1 1 1 1 1 1 1 1 1 1 1
"022_Group22" 1 1 1 1 1 1 1 1 1 1 1 1 1 1 1 1 1 1 1 1 1 1 1 1 1 1 1 1 1 1
"023_Group23" 1 1 1 1 1 1 1 1 1 1 1 1 1 1 1 1 1 1 1 1 1 1 1 1 1 1 1 1 1 1
"024_Group24" 1 1 1 1 1 1 1 1 1 1 1 1 1 1 1 1 1 1 1 1 1 1 1 1 1 1 1 1 1 1
"025_Group25" 1 1 1 1 1 1 1 1 1 1 1 1 1 1 1 1 1 1 1 1 1 1 1 1 1 1 1 1 1 1
"026_Group26" 1 1 1 1 1 1 1 1 1 1 1 1 1 1 1 1 1 1 1 1 1 1 1 1 1 1 1 1 1 1
"027_Group27" 1 1 1 1 1 1 1 1 1 1 1 1 1 1 1 1 1 1 1 1 1 1 1 1 1 1 1 1 1 1
"028_Group28" 1 1 1 1 1 1 1 1 1 1 1 1 1 1 1 1 1 1 1 1 1 1 1 1 1 1 1 1 1 1
"029_Group29" 1 1 1 1 1 1 1 1 1 1 1 1 1 1 1 1 1 1 1 1 1 1 1 1 1 1 1 1 1 1
"030_Group30" 1 1 1 1 1 1 1 1 1 1 1 1 1 1 1 1 1 1 1 1 1 1 1 1 1 1 1 1 1 1
"031_Group31" 1 1 1 1 1 1 1 1 1 1 1 1 1 1 1 1 1 1 1 1 1 1 1 1 1 1 1 1 1 1
"032_Group32" 1 1 1 1 1 1 1 1 1 1 1 1 1 1 1 1 1 1 1 1 1 1 1 1 1 1 1 1 1 1
"033_Group33" 1 1 1 1 1 1 1 1 1 1 1 1 1 1 1 1 1 1 1 1 1 1 1 1 1 1 1 1 1 1
"034_Group34" 1 1 1 1 1 1 1 1 1 1 1 1 1 1 1 1 1 1 1 1 1 1 1 1 1 1 1 1 1 1
"035_Group35" 1 1 1 1 1 1 1 1 1 1 1 1 1 1 1 1 1 1 1 1 1 1 1 1 1 1 1 1 1 1
"036_Group36" 1 1 1 1 1 1 1 1 1 1 1 1 1 1 1 1 1 1 1 1 1 1 1 1 1 1 1 1 1 1
"037_Group37" 1 1 1 1 1 1 1 1 1 1 1 1 1 1 1 1 1 1 1 1 1 1 1 1 1 1 1 1 1 1
"038_Group38" 1 1 1 1 1 1 1 1 1 1 1 1 1 1 1 1 1 1 1 1 1 1 1 1 1 1 1 1 1 1
"039_Group39" 1 1 1 1 1 1 1 1 1 1 1 1 1 1 1 1 1 1 1 1 1 1 1 1 1 1 1 1 1 1
"040_Group40" 1 1 1 1 1 1 1 1 1 1 1 1 1 1 1 1 1 1 1 1 1 1 1 1 1 1 1 1 1 1
"041_Group41" 1 1 1 1 1 1 1 1 1 1 1 1 1 1 1 1 1 1 1 1 1 1 1 1 1 1 1 1 1 1
"042_Group42" 1 1 1 1 1 1 1 1 1 1 1 1 1 1 1 1 1 1 1 1 1 1 1 1 1 1 1 1 1 1
"043_Group43" 1 1 1 1 1 1 1 1 1 1 1 1 1 1 1 1 1 1 1 1 1 1 1 1 1 1 1 1 1 1
"044_Group44" 1 1 1 1 1 1 1 1 1 1 1 1 1 1 1 1 1 1 1 1 1 1 1 1 1 1 1 1 1 1
"045_Group45" 1 1 1 1 1 1 1 1 1 1 1 1 1 1 1 1 1 1 1 1 1 1 1 1 1 1 1 1 1 1
"046_Group46" 1 1 1 1 1 1 1 1 1 1 1 1 1 1 1 1 1 1 1 1 1 1 1 1 1 1 1 1 1 1
"047_Group47" 1 1 1 1 1 1 1 1 1 1 1 1 1 1 1 1 1 1 1 1 1 1 1 1 1 1 1 1 1 1
"048_Group48" 1 1 1 1 1 1 1 1 1 1 1 1 1 1 1 1 1 1 1 1 1 1 1 1 1 1 1 1 1 1
"049_Group49" 1 1 1 1 1 1 1 1 1 1 1 1 1 1 1 1 1 1 1 1 1 1 1 1 1 1 1 1 1 1
"050_Group50" 1 1 1 1 1 1 1 1 1 1 1 1 1 1 1 1 1 1 1 1 1 1 1 1 1 1 1 1 1 1
"051_Group51" 1 1 1 1 1 1 1 1 1 1 1 1 1 1 1 1 1 1 1 1 1 1 1 1 1 1 1 1 1 1
"052_Group52" 1 1 1 1 1 1 1 1 1 1 1 1 1 1 1 1 1 1 1 1 1 1 1 1 1 1 1 1 1 1
"053_Group53" 1 1 1 1 1 1 1 1 1 1 1 1 1 1 1 1 1 1 1 1 1 1 1 1 1 1 1 1 1 1
"054_Group54" 1 1 1 1 1 1 1 1 1 1 1 1 1 1 1 1 1 1 1 1 1 1 1 1 1 1 1 1 1 1
"055_Group55" 1 1 1 1 1 1 1 1 1 1 1 1 1 1 1 1 1 1 1 1 1 1 1 1 1 1 1 1 1 1
"056_Group56" 1 1 1 1 1 1 1 1 1 1 1 1 1 1 1 1 1 1 1 1 1 1 1 1 1 1 1 1 1 1
"057_Group57" 1 1 1 1 1 1 1 1 1 1 1 1 1 1 1 1 1 1 1 1 1 1 1 1 1 1 1 1 1 1
"058_Group58" 1 1 1 1 1 1 1 1 1 1 1 1 1 1 1 1 1 1 1 1 1 1 1 1 1 1 1 1 1 1
"059_Group59" 1 1 1 1 1 1 1 1 1 1 1 1 1 1 1 1 1 1 1 1 1 1 1 1 1 1 1 1 1 1
"060_Group60" 1 1 1 1 1 1 1 1 1 1 1 1 1 1 1 1 1 1 1 1 1 1 1 1 1 1 1 1 1 1
"061_Group61" 1 1 1 1 1 1 1 1 1 1 1 1 1 1 1 1 1 1 1 1 1 1 1 1 1 1 1 1 1 1
"062_Group62" 1 1 1 1 1 1 1 1 1 1 1 1 1 1 1 1 1 1 1 1 1 1 1 1 1 1 1 1 1 1
"063_Group63" 1 1 1 1 1 1 1 1 1 1 1 1 1 1 1 1 1 1 1 1 1 1 1 1 1 1 1 1 1 1
"064_Group64" 1 1 1 1 1 1 1 1 1 1 1 1 1 1 1 1 1 1 1 1 1 1 1 1 1 1 1 1 1 1
"065_Group65" 1 1 1 1 1 1 1 1 1 1 1 1 1 1 1 1 1 1 1 1 1 1 1 1 1 1 1 1 1 1
"066_Group66" 1 1 1 1 1 1 1 1 1 1 1 1 1 1 1 1 1 1 1 1 1 1 1 1 1 1 1 1 1 1
"067_Group67" 1 1 1 1 1 1 1 1 1 1 1 1 1 1 1 1 1 1 1 1 1 1 1 1 1 1 1 1 1 1
"068_Group68" 1 1 1 1 1 1 1 1 1 1 1 1 1 1 1 1 1 1 1 1 1 1 1 1 1 1 1 1 1 1
"069_Group69" 1 1 1 1 1 1 1 1 1 1 1 1 1 1 1 1 1 1 1 1 1 1 1 1 1 1 1 1 1 1
"070_Group70" 1 1 1 1 1 1 1 1 1 1 1 1 1 1 1 1 1 1 1 1 1 1 1 1 1 1 1 1 1 1
"071_Group71" 1 1 1 1 1 1 1 1 1 1 1 1 1 1 1 1 1 1 1 1 1 1 1 1 1 1 1 1 1 1
"072_Group72" 1 1 1 1 1 1 1 1 1 1 1 1 1 1 1 1 1 1 1 1 1 1 1 1 1 1 1 1 1 1
"073_Group73" 1 1 1 1 1 1 1 1 1 1 1 1 1 1 1 1 1 1 1 1 1 1 1 1 1 1 1 1 1 1
"074_Group74" 1 1 1 1 1 1 1 1 1 1 1 1 1 1 1 1 1 1 1 1 1 1 1 1 1 1 1 1 1 1
"075_Group75" 1 1 1 1 1 1 1 1 1 1 1 1 1 1 1 1 1 1 1 1 1 1 1 1 1 1 1 1 1 1
"076_Group76" 1 1 1 1 1 1 1 1 1 1 1 1 1 1 1 1 1 1 1 1 1 1 1 1 1 1 1 1 1 1
"077_Group77" 1 1 1 1 1 1 1 1 1 1 1 1 1 1 1 1 1 1 1 1 1 1 1 1 1 1 1 1 1 1
"078_Group78" 1 1 1 1 1 1 1 1 1 1 1 1 1 1 1 1 1 1 1 1 1 1 1 1 1 1 1 1 1 1
"079_Group79" 1 1 1 1 1 1 1 1 1 1 1 1 1 1 1 1 1 1 1 1 1 1 1 1 1 1 1 1 1 1
"080_Group80" 1 1 1 1 1 1 1 1 1 1 1 1 1 1 1 1 1 1 1 1 1 1 1 1 1 1 1 1 1 1
"081_Group81" 1 1 1 1 1 1 1 1 1 1 1 1 1 1 1 1 1 1 1 1 1 1 1 1 1 1 1 1 1 1
"082_Group82" 1 1 1 1 1 1 1 1 1 1 1 1 1 1 1 1 1 1 1 1 1 1 1 1 1 1 1 1 1 1
"083_Group83" 1 1 1 1 1 1 1 1 1 1 1 1 1 1 1 1 1 1 1 1 1 1 1 1 1 1 1 1 1 1
"084_Group84" 1 1 1 1 1 1 1 1 1 1 1 1 1 1 1 1 1 1 1 1 1 1 1 1 1 1 1 1 1 1
"085_Group85" 1 1 1 1 1 1 1 1 1 1 1 1 1 1 1 1 1 1 1 1 1 1 1 1 1 1 1 1 1 1
"086_Group86" 1 1 1 1 1 1 1 1 1 1 1 1 1 1 1 1 1 1 1 1 1 1 1 1 1 1 1 1 1 1
"087_Group87" 1 1 1 1 1 1 1 1 1 1 1 1 1 1 1 1 1 1 1 1 1 1 1 1 1 1 1 1 1 1
"088_Group88" 1 1 1 1 1 1 1 1 1 1 1 1 1 1 1 1 1 1 1 1 1 1 1 1 1 1 1 1 1 1
"089_Group89" 1 1 1 1 1 1 1 1 1 1 1 1 1 1 1 1 1 1 1 1 1 1 1 1 1 1 1 1 1 1
"090_Group90" 1 1 1 1 1 1 1 1 1 1 1 1 1 1 1 1 1 1 1 1 1 1 1 1 1 1 1 1 1 1
"091_Group91" 1 1 1 1 1 1 1 1 1 1 1 1 1 1 1 1 1 1 1 1 1 1 1 1 1 1 1 1 1 1
"092_Group92" 1 1 1 1 1 1 1 1 1 1 1 1 1 1 1 1 1 1 1 1 1 1 1 1 1 1 1 1 1 1
"093_Group93" 1 1 1 1 1 1 1 1 1 1 1 1 1 1 1 1 1 1 1 1 1 1 1 1 1 1 1 1 1 1
"094_Group94" 1 1 1 1 1 1 1 1 1 1 1 1 1 1 1 1 1 1 1 1 1 1 1 1 1 1 1 1 1 1
"095_Group95" 1 1 1 1 1 1 1 1 1 1 1 1 1 1 1 1 1 1 1 1 1 1 1 1 1 1 1 1 1 1

"<<<<<< Number of Samples per Acquisition Interval [1unit=500values] >>>>>>"
Time[m] 2 4 6 8 10 12 14 16 18 20 22 24 26 28 30 32 34 36 38 40 42 44 46 48 50 52 54 56 58 60 
#Samples 2 2 2 2 2 2 2 1 2 2 2 2 2 2 1 2 2 2 2 2 2 2 1 2 2 2 2 2 2 2 

"<<<<<< Average Temperature [°C] >>>>>>"
Time[m] 2 4 6 8 10 12 14 16 18 20 22 24 26 28 30 32 34 36 38 40 42 44 46 48 50 52 54 56 58 60 
Temp[°C] 19.8 19.8 19.8 19.8 19.9 19.9 20.0 20.0 20.0 20.0 19.9 20.0 20.0 20.0 20.0 20.0 20.0 20.0 20.0 20.0 20.0 20.0 20.0 20.0 20.0 20.0 20.0 20.0 20.0 20.0 

"<<<<<< Well Activity >>>>>>"
Well Group/Time[m] 2 4 6 8 10 12 14 16 18 20 22 24 26 28 30 32 34 36 38 40 42 44 46 48 50 52 54 56 58 60
A1 "000_Group0" 9 11 10 4 6 7 0 0 6 4 12 6 8 8 0 3 12 2 0 7 4 0 0 5 12 5 8 7 13 9
B1 "001_Group1" 14 7 10 12 11 16 18 12 7 17 15 14 13 14 10 12 23 10 15 23 31 20 4 3 6 11 8 10 14 23
C1 "002_Group2" 11 8 8 9 13 8 15 7 18 22 20 22 13 9 6 3 14 9 12 17 10 15 6 16 12 10 7 12 10 7
D1 "003_Group3" 9 24 17 11 16 21 21 2 14 13 10 21 18 26 8 14 17 27 17 14 13 15 13 16 17 13 16 13 14 13
E1 "004_Group4" 26 21 23 30 19 22 23 19 16 24 20 13 23 12 7 21 26 13 22 23 16 17 4 16 27 24 19 17 19 23
F1 "005_Group5" 12 16 15 14 15 17 9 5 15 7 9 15 16 20 6 16 16 18 25 20 22 21 9 27 18 15 26 17 12 15
G1 "006_Group6" 24 10 14 6 6 12 11 5 21 18 14 26 20 15 7 19 20 12 9 11 10 8 4 13 16 18 14 22 18 18
H1 "007_Group7" 17 22 29 14 29 12 16 6 16 17 18 24 17 12 4 17 16 14 11 9 23 21 5 15 13 16 11 17 14 20
A2 "008_Group8" 8 6 8 17 21 21 17 3 8 7 11 18 13 15 11 13 15 18 12 10 8 15 9 8 14 10 10 6 13 22
B2 "009_Group9" 12 11 14 10 8 15 16 7 7 8 12 15 13 17 9 23 13 11 21 13 12 10 5 9 7 11 11 15 23 11
C2 "010_Group10" 9 19 11 5 15 15 10 5 13 17 13 14 17 15 16 21 17 18 20 21 20 13 8 21 10 19 15 11 12 15
D2 "011_Group11" 15 16 24 27 17 16 11 12 21 23 21 21 26 18 14 24 22 24 20 22 22 20 19 22 11 25 29 20 13 23
E2 "012_Group12" 23 29 28 25 28 31 28 16 36 34 34 48 24 46 5 22 36 22 28 25 37 36 15 34 32 30 23 18 22 32
F2 "013_Group13" 23 15 17 22 21 28 18 13 28 23 29 31 22 25 11 34 29 24 16 28 32 32 11 21 34 23 28 19 19 28
G2 "014_Group14" 41 38 39 50 28 29 20 11 18 33 28 31 23 25 14 29 20 23 17 17 30 18 11 28 29 26 28 32 31 30
H2 "015_Group15" 48 39 48 43 43 43 39 27 33 26 31 23 24 23 7 31 21 21 39 18 28 15 13 38 19 34 27 26 30 27
A3 "016_Group16" 16 11 10 17 20 4 6 0 3 5 0 9 11 9 5 2 8 5 7 2 0 8 8 13 27 14 12 11 9 8
B3 "017_Group17" 6 11 12 12 7 17 11 6 24 9 10 12 15 11 8 11 21 22 23 9 12 20 3 22 19 21 19 15 20 24
C3 "018_Group18" 5 5 2 14 17 11 14 3 6 9 19 8 19 14 2 17 17 24 12 27 16 18 12 31 17 17 20 21 15 11
D3 "019_Group19" 0 0 0 1 0 0 0 0 0 0 0 0 0 0 0 0 0 0 0 0 0 0 0 0 0 0 0 0 0 0
E3 "020_Group20" 14 25 37 23 24 24 21 8 14 25 22 15 21 27 8 26 16 19 23 21 18 20 13 21 13 17 23 20 21 21
F3 "021_Group21" 12 4 11 23 17 18 11 6 17 14 9 12 11 18 13 15 13 17 12 15 19 17 4 13 6 10 16 18 18 17
G3 "022_Group22" 25 24 20 17 26 12 16 7 23 25 13 14 17 21 7 25 19 17 15 32 18 28 7 13 21 22 24 20 16 24
H3 "023_Group23" 41 37 36 23 34 26 23 12 22 15 22 19 22 19 10 14 16 19 16 14 20 17 10 17 18 19 11 20 24 21
A4 "024_Group24" 9 5 9 6 23 3 11 0 1 1 3 5 8 0 1 3 1 2 1 5 22 15 9 19 25 23 15 13 12 13
B4 "025_Group25" 6 3 9 10 8 9 4 9 11 25 21 11 11 5 1 14 21 14 9 14 16 12 2 21 12 13 12 18 12 10
C4 "026_Group26" 6 7 5 6 7 10 7 5 8 15 24 15 18 13 7 22 20 14 20 15 19 22 8 13 17 20 22 12 33 28
D4 "027_Group27" 12 20 15 19 21 19 10 11 14 17 13 13 20 19 11 16 12 16 25 19 18 11 9 22 14 21 27 12 23 15
E4 "028_Group28" 35 23 25 19 18 29 23 12 27 20 19 18 13 17 8 17 15 21 22 20 19 18 10 25 20 15 21 22 22 17
F4 "029_Group29" 18 17 20 27 19 26 18 12 22 19 18 20 18 19 15 15 13 16 24 26 19 16 6 20 26 23 21 18 12 12
G4 "030_Group30" 25 34 24 16 20 21 20 14 17 13 27 21 22 16 13 28 23 26 19 24 20 18 14 26 22 23 27 18 24 27
H4 "031_Group31" 33 30 40 37 31 26 33 12 23 25 33 19 33 16 9 26 24 17 22 21 21 20 9 24 24 21 19 23 23 17
A5 "032_Group32" 5 13 10 19 13 10 2 10 18 11 8 4 2 10 5 6 2 7 9 8 14 19 9 26 21 17 12 21 18 16
B5 "033_Group33" 4 5 7 8 14 11 12 5 6 10 13 8 16 8 11 13 22 26 16 20 9 17 14 19 10 12 11 12 11 4
C5 "034_Group34" 6 13 16 12 8 10 13 6 7 11 13 15 13 16 5 16 14 17 21 22 25 20 10 23 24 21 14 20 20 24
D5 "035_Group35" 10 14 21 9 16 14 13 8 15 15 11 16 12 13 6 19 18 21 12 16 14 13 3 23 13 14 14 15 14 16
E5 "036_Group36" 19 20 22 23 13 16 26 12 26 20 25 13 25 29 13 12 25 19 27 24 27 15 19 16 28 26 14 13 23 25
F5 "037_Group37" 11 13 17 21 15 16 13 6 14 23 19 17 19 22 8 19 23 19 13 18 11 21 9 21 16 14 17 17 13 14
G5 "038_Group38" 28 18 28 28 29 23 25 13 18 34 28 21 32 29 13 22 25 25 23 28 27 21 12 23 26 36 30 20 35 20
H5 "039_Group39" 45 38 46 36 23 24 20 15 18 22 20 24 29 17 8 35 21 23 18 24 23 27 9 13 23 22 18 17 32 22
A6 "040_Group40" 11 23 18 8 22 9 10 4 16 15 8 3 4 9 10 5 19 4 12 8 16 25 10 15 13 23 19 23 21 11
B6 "041_Group41" 18 16 20 22 8 13 26 5 12 6 15 15 23 18 13 11 15 17 27 12 17 9 12 15 6 5 4 6 20 5
C6 "042_Group42" 6 2 4 14 9 8 15 7 11 16 13 5 11 14 5 10 16 19 14 22 16 7 13 22 22 20 20 16 18 16
D6 "043_Group43" 14 11 17 21 21 16 23 10 13 18 18 19 14 14 6 13 16 20 20 16 14 21 7 20 14 10 20 15 17 16
E6 "044_Group44" 29 17 29 21 21 16 19 11 11 10 15 18 20 29 8 22 20 17 18 19 23 21 6 21 20 13 18 15 20 21
F6 "045_Group45" 19 16 19 31 15 22 23 6 16 17 14 20 20 10 9 14 22 19 17 28 27 23 10 12 24 25 26 20 11 17
G6 "046_Group46" 21 19 17 25 17 27 29 12 13 23 17 28 22 21 15 17 27 15 29 19 19 18 8 17 23 26 19 26 16 16
H6 "047_Group47" 45 30 41 39 38 33 40 10 23 23 27 17 31 21 18 35 26 17 21 26 30 37 14 32 13 24 31 19 27 20
A7 "048_Group48" 13 13 2 2 0 0 4 0 1 0 0 1 3 4 5 9 0 4 1 6 7 6 1 6 11 2 6 7 7 9
B7 "049_Group49" 15 8 24 20 9 14 13 4 14 12 15 12 13 21 3 10 24 12 9 10 9 17 5 18 14 14 17 22 12 14
C7 "050_Group50" 15 16 24 16 9 11 16 11 17 13 13 19 16 12 9 12 12 8 7 8 10 5 5 4 9 7 10 24 16 9
D7 "051_Group51" 14 19 21 12 18 19 16 8 17 21 18 24 20 11 8 13 14 18 13 17 14 20 7 19 15 11 14 20 14 13
E7 "052_Group52" 18 16 28 17 26 19 19 10 22 18 20 21 21 25 8 23 24 17 15 25 25 17 12 17 20 19 17 17 17 15
F7 "053_Group53" 33 15 20 18 21 16 28 11 26 16 12 25 17 20 11 19 17 27 18 24 17 22 8 15 18 13 29 16 11 17
G7 "054_Group54" 20 21 19 21 23 26 18 11 28 21 16 24 22 24 7 28 23 35 29 24 19 18 23 16 25 24 25 26 24 32
H7 "055_Group55" 0 0 0 0 0 0 0 0 0 0 0 0 0 0 0 0 0 0 0 0 0 0 0 0 0 0 0 0 0 0
A8 "056_Group56" 10 14 6 4 5 12 15 6 7 11 10 13 16 9 2 21 6 8 6 15 22 8 4 17 15 12 6 6 6 6
B8 "057_Group57" 13 9 18 11 15 17 20 6 20 17 20 23 15 24 11 22 29 25 28 22 20 19 6 19 14 9 20 13 7 14
C8 "058_Group58" 17 15 13 13 11 24 11 9 20 11 23 15 9 13 2 17 18 21 14 20 12 21 6 13 18 12 15 14 23 12
D8 "059_Group59" 12 11 10 8 16 11 15 6 19 14 25 21 25 27 13 18 24 21 20 22 17 24 11 21 17 13 11 18 18 17
E8 "060_Group60" 20 31 32 39 29 19 37 21 35 32 27 19 13 20 8 14 23 18 21 25 21 20 17 23 26 16 21 18 23 23
F8 "061_Group61" 15 23 29 20 36 32 24 24 26 31 26 17 21 31 18 19 27 23 31 27 20 11 7 17 22 35 24 27 17 22
G8 "062_Group62" 43 31 33 51 43 34 24 11 19 22 24 21 15 20 9 21 26 24 33 26 28 20 6 33 23 27 18 26 32 24
H8 "063_Group63" 32 40 50 35 24 18 26 16 30 23 21 28 16 25 7 29 22 22 20 25 27 31 16 24 21 21 21 20 19 24
A9 "064_Group64" 13 7 12 4 3 5 6 0 2 3 7 3 6 5 2 3 0 6 1 6 0 7 2 1 10 6 11 12 8 10
B9 "065_Group65" 6 4 12 3 5 9 5 4 9 14 8 4 10 13 5 12 9 16 9 11 8 12 9 4 10 9 11 14 12 9
C9 "066_Group66" 5 14 13 17 6 11 9 4 9 8 10 11 7 8 5 9 8 9 11 13 9 18 8 14 9 9 10 17 13 14
D9 "067_Group67" 12 11 10 17 13 14 14 8 11 11 14 14 14 13 5 16 17 14 15 12 17 19 10 19 17 9 13 21 16 17
E9 "068_Group68" 26 26 35 22 21 20 20 12 22 23 23 28 31 9 6 17 14 24 18 23 15 29 7 20 15 19 16 26 29 24
F9 "069_Group69" 17 18 11 22 19 19 28 6 12 21 18 22 13 8 10 11 17 35 12 18 17 18 11 19 24 21 20 25 20 21
G9 "070_Group70" 18 29 12 13 28 17 32 12 32 12 23 17 13 25 12 21 15 17 28 14 14 23 7 25 20 18 15 17 14 21
H9 "071_Group71" 0 0 0 0 0 0 0 0 0 0 0 0 0 0 0 1 0 0 0 0 0 0 0 0 0 0 0 0 0 0
A10 "072_Group72" 5 6 9 12 3 0 0 0 0 0 0 0 0 2 5 11 19 10 11 9 9 4 3 8 10 17 15 10 10 16
B10 "073_Group73" 10 21 17 17 20 12 15 5 14 6 9 18 20 8 3 6 5 15 19 16 19 14 1 9 15 10 4 20 16 19
C10 "074_Group74" 13 4 18 20 12 22 18 9 13 7 8 19 4 27 16 21 15 20 22 20 26 25 11 13 10 15 18 21 22 17
D10 "075_Group75" 15 18 19 21 9 26 10 7 11 8 19 19 13 17 10 10 24 16 21 16 14 18 8 17 16 14 20 6 20 17
E10 "076_Group76" 0 0 0 0 0 0 0 0 0 0 0 0 0 0 0 0 0 0 0 0 0 0 0 0 0 0 0 0 1 0
F10 "077_Group77" 10 13 19 13 18 12 10 6 22 14 10 15 16 13 10 10 14 15 15 17 16 24 14 15 17 19 14 21 22 19
G10 "078_Group78" 36 27 20 23 22 18 20 15 25 23 21 19 31 21 12 18 23 20 16 23 22 32 15 31 16 21 29 20 21 29
H10 "079_Group79" 33 29 34 30 31 28 24 15 19 21 21 18 23 18 8 18 13 23 17 32 28 26 8 15 14 20 20 17 23 9
A11 "080_Group80" 2 0 4 0 0 7 4 0 5 11 16 9 6 8 2 4 4 5 5 7 7 15 6 9 7 7 7 8 7 7
B11 "081_Group81" 8 9 7 13 4 11 1 1 0 1 6 1 3 3 2 5 10 7 7 20 8 12 6 9 8 13 9 12 10 12
C11 "082_Group82" 10 6 14 9 14 10 11 5 9 6 5 5 4 8 7 10 17 7 13 12 16 6 12 19 10 7 15 18 14 14
D11 "083_Group83" 8 13 21 7 13 17 17 6 20 20 12 13 19 13 5 13 16 15 13 15 18 17 9 17 15 12 21 19 9 19
E11 "084_Group84" 17 19 31 19 19 14 23 8 25 19 22 13 22 17 8 22 15 24 19 27 19 27 16 14 18 18 19 14 19 18
F11 "085_Group85" 14 18 26 16 19 32 13 11 14 19 13 11 14 19 17 17 14 30 20 21 19 24 8 21 24 14 18 13 25 27
G11 "086_Group86" 20 28 24 29 20 15 22 13 24 28 23 23 19 16 6 22 27 17 15 18 18 16 7 12 11 15 19 16 21 18
H11 "087_Group87" 19 19 21 24 14 29 13 6 24 22 17 13 20 17 10 19 17 22 22 26 20 23 10 26 21 14 23 21 16 16
A12 "088_Group88" 7 10 6 11 8 10 7 8 5 9 5 3 4 9 0 4 0 1 11 4 5 8 2 6 1 7 1 1 4 7
B12 "089_Group89" 14 19 9 9 8 12 18 9 10 11 18 13 17 12 4 18 21 9 6 10 7 10 3 12 5 6 10 16 7 7
C12 "090_Group90" 16 10 5 12 7 6 11 7 17 8 23 15 19 9 6 24 17 10 11 14 17 12 6 17 13 10 16 9 20 14
D12 "091_Group91" 10 24 17 9 18 20 15 15 24 18 17 14 24 31 7 18 20 17 22 16 22 25 9 16 19 16 21 14 19 27
E12 "092_Group92" 20 25 29 24 22 30 15 9 18 23 24 13 23 19 9 23 10 17 23 21 15 18 13 20 19 19 21 14 21 21
F12 "093_Group93" 17 23 22 22 17 18 21 12 29 21 20 22 27 19 12 25 20 26 21 17 20 23 12 31 16 17 30 19 37 30
G12 "094_Group94" 21 17 19 14 22 25 16 6 11 20 16 25 17 14 6 21 16 18 15 9 16 19 9 23 19 22 25 29 17 17
H12 "095_Group95" 28 39 32 31 33 34 30 10 21 21 35 26 25 26 16 23 23 20 30 18 32 15 25 41 20 23 42 26 30 27

"<<<<<< Channel Activity >>>>>>"
Channel Well Group/Time[m] 2 4 6 8 10 12 14 16 18 20 22 24 26 28 30 32 34 36 38 40 42 44 46 48 50 52 54 56 58 60
CH0 A1.0 "000_Group0" 9 11 10 4 6 7 0 0 6 4 12 6 8 8 0 3 12 2 0 7 4 0 0 5 12 5 8 7 13 9
CH2 B1.0 "001_Group1" 14 7 10 12 11 16 18 12 7 17 15 14 13 14 10 12 23 10 15 23 31 20 4 3 6 11 8 10 14 23
CH4 C1.0 "002_Group2" 11 8 8 9 13 8 15 7 18 22 20 22 13 9 6 3 14 9 12 17 10 15 6 16 12 10 7 12 10 7
CH6 D1.0 "003_Group3" 9 24 17 11 16 21 21 2 14 13 10 21 18 26 8 14 17 27 17 14 13 15 13 16 17 13 16 13 14 13
CH8 E1.0 "004_Group4" 26 21 23 30 19 22 23 19 16 24 20 13 23 12 7 21 26 13 22 23 16 17 4 16 27 24 19 17 19 23
CH10 F1.0 "005_Group5" 12 16 15 14 15 17 9 5 15 7 9 15 16 20 6 16 16 18 25 20 22 21 9 27 18 15 26 17 12 15
CH12 G1.0 "006_Group6" 24 10 14 6 6 12 11 5 21 18 14 26 20 15 7 19 20 12 9 11 10 8 4 13 16 18 14 22 18 18
CH14 H1.0 "007_Group7" 17 22 29 14 29 12 16 6 16 17 18 24 17 12 4 17 16 14 11 9 23 21 5 15 13 16 11 17 14 20
CH32 A2.0 "008_Group8" 8 6 8 17 21 21 17 3 8 7 11 18 13 15 11 13 15 18 12 10 8 15 9 8 14 10 10 6 13 22
CH34 B2.0 "009_Group9" 12 11 14 10 8 15 16 7 7 8 12 15 13 17 9 23 13 11 21 13 12 10 5 9 7 11 11 15 23 11
CH36 C2.0 "010_Group10" 9 19 11 5 15 15 10 5 13 17 13 14 17 15 16 21 17 18 20 21 20 13 8 21 10 19 15 11 12 15
CH38 D2.0 "011_Group11" 15 16 24 27 17 16 11 12 21 23 21 21 26 18 14 24 22 24 20 22 22 20 19 22 11 25 29 20 13 23
CH40 E2.0 "012_Group12" 23 29 28 25 28 31 28 16 36 34 34 48 24 46 5 22 36 22 28 25 37 36 15 34 32 30 23 18 22 32
CH42 F2.0 "013_Group13" 23 15 17 22 21 28 18 13 28 23 29 31 22 25 11 34 29 24 16 28 32 32 11 21 34 23 28 19 19 28
CH44 G2.0 "014_Group14" 41 38 39 50 28 29 20 11 18 33 28 31 23 25 14 29 20 23 17 17 30 18 11 28 29 26 28 32 31 30
CH46 H2.0 "015_Group15" 48 39 48 43 43 43 39 27 33 26 31 23 24 23 7 31 21 21 39 18 28 15 13 38 19 34 27 26 30 27
CH64 A3.0 "016_Group16" 16 11 10 17 20 4 6 0 3 5 0 9 11 9 5 2 8 5 7 2 0 8 8 13 27 14 12 11 9 8
CH66 B3.0 "017_Group17" 6 11 12 12 7 17 11 6 24 9 10 12 15 11 8 11 21 22 23 9 12 20 3 22 19 21 19 15 20 24
CH68 C3.0 "018_Group18" 5 5 2 14 17 11 14 3 6 9 19 8 19 14 2 17 17 24 12 27 16 18 12 31 17 17 20 21 15 11
CH70 D3.0 "019_Group19" 0 0 0 1 0 0 0 0 0 0 0 0 0 0 0 0 0 0 0 0 0 0 0 0 0 0 0 0 0 0
CH72 E3.0 "020_Group20" 14 25 37 23 24 24 21 8 14 25 22 15 21 27 8 26 16 19 23 21 18 20 13 21 13 17 23 20 21 21
CH74 F3.0 "021_Group21" 12 4 11 23 17 18 11 6 17 14 9 12 11 18 13 15 13 17 12 15 19 17 4 13 6 10 16 18 18 17
CH76 G3.0 "022_Group22" 25 24 20 17 26 12 16 7 23 25 13 14 17 21 7 25 19 17 15 32 18 28 7 13 21 22 24 20 16 24
CH78 H3.0 "023_Group23" 41 37 36 23 34 26 23 12 22 15 22 19 22 19 10 14 16 19 16 14 20 17 10 17 18 19 11 20 24 21
CH96 A4.0 "024_Group24" 9 5 9 6 23 3 11 0 1 1 3 5 8 0 1 3 1 2 1 5 22 15 9 19 25 23 15 13 12 13
CH98 B4.0 "025_Group25" 6 3 9 10 8 9 4 9 11 25 21 11 11 5 1 14 21 14 9 14 16 12 2 21 12 13 12 18 12 10
CH100 C4.0 "026_Group26" 6 7 5 6 7 10 7 5 8 15 24 15 18 13 7 22 20 14 20 15 19 22 8 13 17 20 22 12 33 28
CH102 D4.0 "027_Group27" 12 20 15 19 21 19 10 11 14 17 13 13 20 19 11 16 12 16 25 19 18 11 9 22 14 21 27 12 23 15
CH104 E4.0 "028_Group28" 35 23 25 19 18 29 23 12 27 20 19 18 13 17 8 17 15 21 22 20 19 18 10 25 20 15 21 22 22 17
CH106 F4.0 "029_Group29" 18 17 20 27 19 26 18 12 22 19 18 20 18 19 15 15 13 16 24 26 19 16 6 20 26 23 21 18 12 12
CH108 G4.0 "030_Group30" 25 34 24 16 20 21 20 14 17 13 27 21 22 16 13 28 23 26 19 24 20 18 14 26 22 23 27 18 24 27
CH110 H4.0 "031_Group31" 33 30 40 37 31 26 33 12 23 25 33 19 33 16 9 26 24 17 22 21 21 20 9 24 24 21 19 23 23 17
CH128 A5.0 "032_Group32" 5 13 10 19 13 10 2 10 18 11 8 4 2 10 5 6 2 7 9 8 14 19 9 26 21 17 12 21 18 16
CH130 B5.0 "033_Group33" 4 5 7 8 14 11 12 5 6 10 13 8 16 8 11 13 22 26 16 20 9 17 14 19 10 12 11 12 11 4
CH132 C5.0 "034_Group34" 6 13 16 12 8 10 13 6 7 11 13 15 13 16 5 16 14 17 21 22 25 20 10 23 24 21 14 20 20 24
CH134 D5.0 "035_Group35" 10 14 21 9 16 14 13 8 15 15 11 16 12 13 6 19 18 21 12 16 14 13 3 23 13 14 14 15 14 16
CH136 E5.0 "036_Group36" 19 20 22 23 13 16 26 12 26 20 25 13 25 29 13 12 25 19 27 24 27 15 19 16 28 26 14 13 23 25
CH138 F5.0 "037_Group37" 11 13 17 21 15 16 13 6 14 23 19 17 19 22 8 19 23 19 13 18 11 21 9 21 16 14 17 17 13 14
CH140 G5.0 "038_Group38" 28 18 28 28 29 23 25 13 18 34 28 21 32 29 13 22 25 25 23 28 27 21 12 23 26 36 30 20 35 20
CH142 H5.0 "039_Group39" 45 38 46 36 23 24 20 15 18 22 20 24 29 17 8 35 21 23 18 24 23 27 9 13 23 22 18 17 32 22
CH160 A6.0 "040_Group40" 11 23 18 8 22 9 10 4 16 15 8 3 4 9 10 5 19 4 12 8 16 25 10 15 13 23 19 23 21 11
CH162 B6.0 "041_Group41" 18 16 20 22 8 13 26 5 12 6 15 15 23 18 13 11 15 17 27 12 17 9 12 15 6 5 4 6 20 5
CH164 C6.0 "042_Group42" 6 2 4 14 9 8 15 7 11 16 13 5 11 14 5 10 16 19 14 22 16 7 13 22 22 20 20 16 18 16
CH166 D6.0 "043_Group43" 14 11 17 21 21 16 23 10 13 18 18 19 14 14 6 13 16 20 20 16 14 21 7 20 14 10 20 15 17 16
CH168 E6.0 "044_Group44" 29 17 29 21 21 16 19 11 11 10 15 18 20 29 8 22 20 17 18 19 23 21 6 21 20 13 18 15 20 21
CH170 F6.0 "045_Group45" 19 16 19 31 15 22 23 6 16 17 14 20 20 10 9 14 22 19 17 28 27 23 10 12 24 25 26 20 11 17
CH172 G6.0 "046_Group46" 21 19 17 25 17 27 29 12 13 23 17 28 22 21 15 17 27 15 29 19 19 18 8 17 23 26 19 26 16 16
CH174 H6.0 "047_Group47" 45 30 41 39 38 33 40 10 23 23 27 17 31 21 18 35 26 17 21 26 30 37 14 32 13 24 31 19 27 20
CH192 A7.0 "048_Group48" 13 13 2 2 0 0 4 0 1 0 0 1 3 4 5 9 0 4 1 6 7 6 1 6 11 2 6 7 7 9
CH194 B7.0 "049_Group49" 15 8 24 20 9 14 13 4 14 12 15 12 13 21 3 10 24 12 9 10 9 17 5 18 14 14 17 22 12 14
CH196 C7.0 "050_Group50" 15 16 24 16 9 11 16 11 17 13 13 19 16 12 9 12 12 8 7 8 10 5 5 4 9 7 10 24 16 9
CH198 D7.0 "051_Group51" 14 19 21 12 18 19 16 8 17 21 18 24 20 11 8 13 14 18 13 17 14 20 7 19 15 11 14 20 14 13
CH200 E7.0 "052_Group52" 18 16 28 17 26 19 19 10 22 18 20 21 21 25 8 23 24 17 15 25 25 17 12 17 20 19 17 17 17 15
CH202 F7.0 "053_Group53" 33 15 20 18 21 16 28 11 26 16 12 25 17 20 11 19 17 27 18 24 17 22 8 15 18 13 29 16 11 17
CH204 G7.0 "054_Group54" 20 21 19 21 23 26 18 11 28 21 16 24 22 24 7 28 23 35 29 24 19 18 23 16 25 24 25 26 24 32
CH206 H7.0 "055_Group55" 0 0 0 0 0 0 0 0 0 0 0 0 0 0 0 0 0 0 0 0 0 0 0 0 0 0 0 0 0 0
CH224 A8.0 "056_Group56" 10 14 6 4 5 12 15 6 7 11 10 13 16 9 2 21 6 8 6 15 22 8 4 17 15 12 6 6 6 6
CH226 B8.0 "057_Group57" 13 9 18 11 15 17 20 6 20 17 20 23 15 24 11 22 29 25 28 22 20 19 6 19 14 9 20 13 7 14
CH228 C8.0 "058_Group58" 17 15 13 13 11 24 11 9 20 11 23 15 9 13 2 17 18 21 14 20 12 21 6 13 18 12 15 14 23 12
CH230 D8.0 "059_Group59" 12 11 10 8 16 11 15 6 19 14 25 21 25 27 13 18 24 21 20 22 17 24 11 21 17 13 11 18 18 17
CH232 E8.0 "060_Group60" 20 31 32 39 29 19 37 21 35 32 27 19 13 20 8 14 23 18 21 25 21 20 17 23 26 16 21 18 23 23
CH234 F8.0 "061_Group61" 15 23 29 20 36 32 24 24 26 31 26 17 21 31 18 19 27 23 31 27 20 11 7 17 22 35 24 27 17 22
CH236 G8.0 "062_Group62" 43 31 33 51 43 34 24 11 19 22 24 21 15 20 9 21 26 24 33 26 28 20 6 33 23 27 18 26 32 24
CH238 H8.0 "063_Group63" 32 40 50 35 24 18 26 16 30 23 21 28 16 25 7 29 22 22 20 25 27 31 16 24 21 21 21 20 19 24
CH256 A9.0 "064_Group64" 13 7 12 4 3 5 6 0 2 3 7 3 6 5 2 3 0 6 1 6 0 7 2 1 10 6 11 12 8 10
CH258 B9.0 "065_Group65" 6 4 12 3 5 9 5 4 9 14 8 4 10 13 5 12 9 16 9 11 8 12 9 4 10 9 11 14 12 9
CH260 C9.0 "066_Group66" 5 14 13 17 6 11 9 4 9 8 10 11 7 8 5 9 8 9 11 13 9 18 8 14 9 9 10 17 13 14
CH262 D9.0 "067_Group67" 12 11 10 17 13 14 14 8 11 11 14 14 14 13 5 16 17 14 15 12 17 19 10 19 17 9 13 21 16 17
CH264 E9.0 "068_Group68" 26 26 35 22 21 20 20 12 22 23 23 28 31 9 6 17 14 24 18 23 15 29 7 20 15 19 16 26 29 24
CH266 F9.0 "069_Group69" 17 18 11 22 19 19 28 6 12 21 18 22 13 8 10 11 17 35 12 18 17 18 11 19 24 21 20 25 20 21
CH268 G9.0 "070_Group70" 18 29 12 13 28 17 32 12 32 12 23 17 13 25 12 21 15 17 28 14 14 23 7 25 20 18 15 17 14 21
CH270 H9.0 "071_Group71" 0 0 0 0 0 0 0 0 0 0 0 0 0 0 0 1 0 0 0 0 0 0 0 0 0 0 0 0 0 0
CH288 A10.0 "072_Group72" 5 6 9 12 3 0 0 0 0 0 0 0 0 2 5 11 19 10 11 9 9 4 3 8 10 17 15 10 10 16
CH290 B10.0 "073_Group73" 10 21 17 17 20 12 15 5 14 6 9 18 20 8 3 6 5 15 19 16 19 14 1 9 15 10 4 20 16 19
CH292 C10.0 "074_Group74" 13 4 18 20 12 22 18 9 13 7 8 19 4 27 16 21 15 20 22 20 26 25 11 13 10 15 18 21 22 17
CH294 D10.0 "075_Group75" 15 18 19 21 9 26 10 7 11 8 19 19 13 17 10 10 24 16 21 16 14 18 8 17 16 14 20 6 20 17
CH296 E10.0 "076_Group76" 0 0 0 0 0 0 0 0 0 0 0 0 0 0 0 0 0 0 0 0 0 0 0 0 0 0 0 0 1 0
CH298 F10.0 "077_Group77" 10 13 19 13 18 12 10 6 22 14 10 15 16 13 10 10 14 15 15 17 16 24 14 15 17 19 14 21 22 19
CH300 G10.0 "078_Group78" 36 27 20 23 22 18 20 15 25 23 21 19 31 21 12 18 23 20 16 23 22 32 15 31 16 21 29 20 21 29
CH302 H10.0 "079_Group79" 33 29 34 30 31 28 24 15 19 21 21 18 23 18 8 18 13 23 17 32 28 26 8 15 14 20 20 17 23 9
CH320 A11.0 "080_Group80" 2 0 4 0 0 7 4 0 5 11 16 9 6 8 2 4 4 5 5 7 7 15 6 9 7 7 7 8 7 7
CH322 B11.0 "081_Group81" 8 9 7 13 4 11 1 1 0 1 6 1 3 3 2 5 10 7 7 20 8 12 6 9 8 13 9 12 10 12
CH324 C11.0 "082_Group82" 10 6 14 9 14 10 11 5 9 6 5 5 4 8 7 10 17 7 13 12 16 6 12 19 10 7 15 18 14 14
CH326 D11.0 "083_Group83" 8 13 21 7 13 17 17 6 20 20 12 13 19 13 5 13 16 15 13 15 18 17 9 17 15 12 21 19 9 19
CH328 E11.0 "084_Group84" 17 19 31 19 19 14 23 8 25 19 22 13 22 17 8 22 15 24 19 27 19 27 16 14 18 18 19 14 19 18
CH330 F11.0 "085_Group85" 14 18 26 16 19 32 13 11 14 19 13 11 14 19 17 17 14 30 20 21 19 24 8 21 24 14 18 13 25 27
CH332 G11.0 "086_Group86" 20 28 24 29 20 15 22 13 24 28 23 23 19 16 6 22 27 17 15 18 18 16 7 12 11 15 19 16 21 18
CH334 H11.0 "087_Group87" 19 19 21 24 14 29 13 6 24 22 17 13 20 17 10 19 17 22 22 26 20 23 10 26 21 14 23 21 16 16
CH352 A12.0 "088_Group88" 7 10 6 11 8 10 7 8 5 9 5 3 4 9 0 4 0 1 11 4 5 8 2 6 1 7 1 1 4 7
CH354 B12.0 "089_Group89" 14 19 9 9 8 12 18 9 10 11 18 13 17 12 4 18 21 9 6 10 7 10 3 12 5 6 10 16 7 7
CH356 C12.0 "090_Group90" 16 10 5 12 7 6 11 7 17 8 23 15 19 9 6 24 17 10 11 14 17 12 6 17 13 10 16 9 20 14
CH358 D12.0 "091_Group91" 10 24 17 9 18 20 15 15 24 18 17 14 24 31 7 18 20 17 22 16 22 25 9 16 19 16 21 14 19 27
CH360 E12.0 "092_Group92" 20 25 29 24 22 30 15 9 18 23 24 13 23 19 9 23 10 17 23 21 15 18 13 20 19 19 21 14 21 21
CH362 F12.0 "093_Group93" 17 23 22 22 17 18 21 12 29 21 20 22 27 19 12 25 20 26 21 17 20 23 12 31 16 17 30 19 37 30
CH364 G12.0 "094_Group94" 21 17 19 14 22 25 16 6 11 20 16 25 17 14 6 21 16 18 15 9 16 19 9 23 19 22 25 29 17 17
CH366 H12.0 "095_Group95" 28 39 32 31 33 34 30 10 21 21 35 26 25 26 16 23 23 20 30 18 32 15 25 41 20 23 42 26 30 27
