"DATE:" "5/1/2014 2:29:45 PM"
"FILE:" "C:\Users\AndersenLab\Desktop\wmicrotracker\p00010\20140501_1329"
"SUBPROJECT:" "20140501_SwimmingDoseResponseLevamisol"

"<<<<<< Group Activity: Average Activity Counts per Data Interval>>>>>>"
Group/Time[m] 5 10 15 20 25 30 35 40 45 50 55 60
"000_Group0" 17 31 47 42 55 60 60 44 53 46 57 62
"001_Group1" 56 47 67 50 42 46 51 44 51 53 47 36
"002_Group2" 26 44 40 40 36 59 60 50 62 51 56 56
"003_Group3" 37 44 48 66 54 47 50 52 32 32 46 35
"004_Group4" 45 46 54 39 29 51 48 45 25 35 35 40
"005_Group5" 56 54 45 43 20 20 59 47 62 40 35 39
"006_Group6" 66 46 25 7 15 52 41 32 27 16 34 23
"007_Group7" 6 3 11 5 12 2 0 0 8 0 6 15
"008_Group8" 19 19 16 26 42 73 91 67 58 41 57 40
"009_Group9" 116 22 22 21 27 27 43 20 28 33 36 21
"010_Group10" 9 3 6 31 28 23 3 25 9 15 16 6
"011_Group11" 28 32 44 26 21 44 39 19 34 38 34 15
"012_Group12" 33 22 28 17 27 35 44 53 25 25 32 36
"013_Group13" 24 35 26 35 12 24 70 68 45 39 32 27
"014_Group14" 44 23 18 27 18 22 25 38 21 19 22 24
"015_Group15" 0 0 0 0 0 0 0 0 0 0 0 0
"016_Group16" 16 41 61 29 34 35 51 59 46 47 57 60
"017_Group17" 47 17 20 27 34 47 45 43 28 24 53 25
"018_Group18" 22 31 38 41 30 42 46 53 48 47 45 45
"019_Group19" 54 27 18 29 14 54 73 75 48 38 32 39
"020_Group20" 55 47 53 46 23 36 60 60 60 23 56 57
"021_Group21" 62 56 37 14 30 71 53 58 44 38 31 44
"022_Group22" 33 47 50 38 26 42 63 36 17 18 19 4
"023_Group23" 10 1 0 0 1 0 0 0 0 10 0 7
"024_Group24" 42 42 21 28 30 50 73 52 43 51 58 52
"025_Group25" 27 28 24 37 29 40 37 44 36 24 43 31
"026_Group26" 28 29 32 31 25 29 40 54 45 34 45 30
"027_Group27" 27 17 27 20 18 28 31 52 38 32 40 30
"028_Group28" 21 22 36 31 27 39 41 53 44 45 31 24
"029_Group29" 31 26 17 14 19 24 38 49 48 18 43 34
"030_Group30" 23 22 14 12 19 32 23 30 10 28 9 3
"031_Group31" 0 0 0 0 0 0 0 0 0 0 0 0
"032_Group32" 5 38 43 61 43 58 55 59 90 47 60 50
"033_Group33" 44 48 53 42 51 51 47 72 63 49 69 45
"034_Group34" 43 48 29 33 18 49 66 49 58 42 56 29
"035_Group35" 49 58 52 56 43 54 60 48 58 30 45 42
"036_Group36" 70 69 70 28 24 53 69 49 37 41 30 49
"037_Group37" 52 64 42 29 23 25 28 49 38 31 39 21
"038_Group38" 45 55 28 9 19 39 45 27 24 26 18 18
"039_Group39" 13 4 0 6 2 8 24 14 23 8 15 9
"040_Group40" 64 58 74 69 60 74 66 72 63 51 53 62
"041_Group41" 66 82 91 75 37 54 55 48 35 35 37 41
"042_Group42" 101 113 73 53 30 44 37 33 45 27 36 42
"043_Group43" 61 50 54 35 34 59 48 95 95 49 66 30
"044_Group44" 47 53 42 25 28 37 36 33 34 31 37 35
"045_Group45" 62 53 47 31 27 34 62 64 62 24 35 22
"046_Group46" 25 42 15 14 17 15 0 8 14 1 0 1
"047_Group47" 25 22 33 22 14 8 8 22 24 14 21 9
"048_Group48" 57 40 71 79 45 70 71 86 130 65 86 60
"049_Group49" 20 29 26 30 24 38 45 56 66 65 59 72
"050_Group50" 35 55 47 52 55 64 77 65 60 64 78 51
"051_Group51" 64 80 66 42 37 59 61 69 68 54 53 39
"052_Group52" 55 37 30 31 32 35 56 82 65 43 65 45
"053_Group53" 58 70 53 37 32 52 57 66 66 50 56 49
"054_Group54" 24 17 1 5 5 2 18 14 24 16 5 6
"055_Group55" 6 17 14 3 12 34 22 21 19 7 12 21
"056_Group56" 46 42 55 68 48 82 85 69 74 55 63 39
"057_Group57" 42 33 29 33 30 43 60 60 70 39 55 35
"058_Group58" 39 34 33 28 37 41 67 43 46 25 45 29
"059_Group59" 32 32 38 73 22 35 39 37 44 48 31 45
"060_Group60" 40 39 48 21 29 34 18 22 32 20 21 25
"061_Group61" 21 30 25 16 6 23 31 26 38 26 40 36
"062_Group62" 49 47 19 16 12 23 17 27 26 17 27 20
"063_Group63" 11 0 14 15 17 6 46 15 12 0 16 26
"064_Group64" 0 49 54 58 42 49 64 36 53 37 48 54
"065_Group65" 41 43 44 33 40 61 45 49 67 35 47 36
"066_Group66" 27 50 42 29 26 34 56 45 46 20 49 45
"067_Group67" 44 48 49 46 38 41 62 58 42 34 42 35
"068_Group68" 23 38 42 53 49 50 38 47 26 20 20 21
"069_Group69" 35 37 50 24 32 36 41 21 17 22 25 21
"070_Group70" 25 22 7 16 15 6 15 10 24 23 23 6
"071_Group71" 11 20 0 17 5 8 24 7 7 21 16 16
"072_Group72" 17 37 43 57 54 72 53 61 59 47 63 51
"073_Group73" 5 32 45 33 47 26 49 42 60 38 59 28
"074_Group74" 70 25 42 47 43 29 37 50 41 37 44 25
"075_Group75" 54 55 37 43 50 37 61 54 42 15 46 32
"076_Group76" 51 16 8 25 26 58 33 27 9 23 25 19
"077_Group77" 43 39 45 32 37 32 17 43 9 20 27 20
"078_Group78" 46 34 9 11 15 12 0 1 1 1 0 0
"079_Group79" 0 9 2 41 5 20 7 0 3 1 10 0
"080_Group80" 26 36 34 30 40 44 43 53 61 64 58 69
"081_Group81" 28 43 37 33 32 51 45 34 56 17 33 34
"082_Group82" 33 40 30 12 28 41 31 33 31 43 27 28
"083_Group83" 44 45 11 12 8 13 33 30 41 22 17 27
"084_Group84" 44 29 25 12 39 40 34 33 21 26 15 27
"085_Group85" 26 21 20 2 5 16 27 31 18 33 13 37
"086_Group86" 34 16 9 1 5 6 8 2 6 7 11 2
"087_Group87" 0 0 2 0 0 0 0 0 4 0 3 1
"088_Group88" 6 15 1 56 54 56 94 92 63 74 69 53
"089_Group89" 19 18 3 11 30 40 60 59 62 43 52 25
"090_Group90" 61 44 29 14 33 35 47 48 59 33 48 46
"091_Group91" 39 23 17 14 24 30 32 34 50 27 48 28
"092_Group92" 30 11 10 28 24 31 35 19 38 23 21 33
"093_Group93" 40 10 4 0 14 3 20 29 29 2 26 14
"094_Group94" 18 3 1 2 8 6 8 0 8 8 2 0
"095_Group95" 14 9 20 23 11 26 17 23 25 11 27 9

"<<<<<< Group Activity: Number of wells/group >>>>>>"
Group/Time[m] 5 10 15 20 25 30 35 40 45 50 55 60
"000_Group0" 1 1 1 1 1 1 1 1 1 1 1 1
"001_Group1" 1 1 1 1 1 1 1 1 1 1 1 1
"002_Group2" 1 1 1 1 1 1 1 1 1 1 1 1
"003_Group3" 1 1 1 1 1 1 1 1 1 1 1 1
"004_Group4" 1 1 1 1 1 1 1 1 1 1 1 1
"005_Group5" 1 1 1 1 1 1 1 1 1 1 1 1
"006_Group6" 1 1 1 1 1 1 1 1 1 1 1 1
"007_Group7" 1 1 1 1 1 1 1 1 1 1 1 1
"008_Group8" 1 1 1 1 1 1 1 1 1 1 1 1
"009_Group9" 1 1 1 1 1 1 1 1 1 1 1 1
"010_Group10" 1 1 1 1 1 1 1 1 1 1 1 1
"011_Group11" 1 1 1 1 1 1 1 1 1 1 1 1
"012_Group12" 1 1 1 1 1 1 1 1 1 1 1 1
"013_Group13" 1 1 1 1 1 1 1 1 1 1 1 1
"014_Group14" 1 1 1 1 1 1 1 1 1 1 1 1
"015_Group15" 1 1 1 1 1 1 1 1 1 1 1 1
"016_Group16" 1 1 1 1 1 1 1 1 1 1 1 1
"017_Group17" 1 1 1 1 1 1 1 1 1 1 1 1
"018_Group18" 1 1 1 1 1 1 1 1 1 1 1 1
"019_Group19" 1 1 1 1 1 1 1 1 1 1 1 1
"020_Group20" 1 1 1 1 1 1 1 1 1 1 1 1
"021_Group21" 1 1 1 1 1 1 1 1 1 1 1 1
"022_Group22" 1 1 1 1 1 1 1 1 1 1 1 1
"023_Group23" 1 1 1 1 1 1 1 1 1 1 1 1
"024_Group24" 1 1 1 1 1 1 1 1 1 1 1 1
"025_Group25" 1 1 1 1 1 1 1 1 1 1 1 1
"026_Group26" 1 1 1 1 1 1 1 1 1 1 1 1
"027_Group27" 1 1 1 1 1 1 1 1 1 1 1 1
"028_Group28" 1 1 1 1 1 1 1 1 1 1 1 1
"029_Group29" 1 1 1 1 1 1 1 1 1 1 1 1
"030_Group30" 1 1 1 1 1 1 1 1 1 1 1 1
"031_Group31" 1 1 1 1 1 1 1 1 1 1 1 1
"032_Group32" 1 1 1 1 1 1 1 1 1 1 1 1
"033_Group33" 1 1 1 1 1 1 1 1 1 1 1 1
"034_Group34" 1 1 1 1 1 1 1 1 1 1 1 1
"035_Group35" 1 1 1 1 1 1 1 1 1 1 1 1
"036_Group36" 1 1 1 1 1 1 1 1 1 1 1 1
"037_Group37" 1 1 1 1 1 1 1 1 1 1 1 1
"038_Group38" 1 1 1 1 1 1 1 1 1 1 1 1
"039_Group39" 1 1 1 1 1 1 1 1 1 1 1 1
"040_Group40" 1 1 1 1 1 1 1 1 1 1 1 1
"041_Group41" 1 1 1 1 1 1 1 1 1 1 1 1
"042_Group42" 1 1 1 1 1 1 1 1 1 1 1 1
"043_Group43" 1 1 1 1 1 1 1 1 1 1 1 1
"044_Group44" 1 1 1 1 1 1 1 1 1 1 1 1
"045_Group45" 1 1 1 1 1 1 1 1 1 1 1 1
"046_Group46" 1 1 1 1 1 1 1 1 1 1 1 1
"047_Group47" 1 1 1 1 1 1 1 1 1 1 1 1
"048_Group48" 1 1 1 1 1 1 1 1 1 1 1 1
"049_Group49" 1 1 1 1 1 1 1 1 1 1 1 1
"050_Group50" 1 1 1 1 1 1 1 1 1 1 1 1
"051_Group51" 1 1 1 1 1 1 1 1 1 1 1 1
"052_Group52" 1 1 1 1 1 1 1 1 1 1 1 1
"053_Group53" 1 1 1 1 1 1 1 1 1 1 1 1
"054_Group54" 1 1 1 1 1 1 1 1 1 1 1 1
"055_Group55" 1 1 1 1 1 1 1 1 1 1 1 1
"056_Group56" 1 1 1 1 1 1 1 1 1 1 1 1
"057_Group57" 1 1 1 1 1 1 1 1 1 1 1 1
"058_Group58" 1 1 1 1 1 1 1 1 1 1 1 1
"059_Group59" 1 1 1 1 1 1 1 1 1 1 1 1
"060_Group60" 1 1 1 1 1 1 1 1 1 1 1 1
"061_Group61" 1 1 1 1 1 1 1 1 1 1 1 1
"062_Group62" 1 1 1 1 1 1 1 1 1 1 1 1
"063_Group63" 1 1 1 1 1 1 1 1 1 1 1 1
"064_Group64" 1 1 1 1 1 1 1 1 1 1 1 1
"065_Group65" 1 1 1 1 1 1 1 1 1 1 1 1
"066_Group66" 1 1 1 1 1 1 1 1 1 1 1 1
"067_Group67" 1 1 1 1 1 1 1 1 1 1 1 1
"068_Group68" 1 1 1 1 1 1 1 1 1 1 1 1
"069_Group69" 1 1 1 1 1 1 1 1 1 1 1 1
"070_Group70" 1 1 1 1 1 1 1 1 1 1 1 1
"071_Group71" 1 1 1 1 1 1 1 1 1 1 1 1
"072_Group72" 1 1 1 1 1 1 1 1 1 1 1 1
"073_Group73" 1 1 1 1 1 1 1 1 1 1 1 1
"074_Group74" 1 1 1 1 1 1 1 1 1 1 1 1
"075_Group75" 1 1 1 1 1 1 1 1 1 1 1 1
"076_Group76" 1 1 1 1 1 1 1 1 1 1 1 1
"077_Group77" 1 1 1 1 1 1 1 1 1 1 1 1
"078_Group78" 1 1 1 1 1 1 1 1 1 1 1 1
"079_Group79" 1 1 1 1 1 1 1 1 1 1 1 1
"080_Group80" 1 1 1 1 1 1 1 1 1 1 1 1
"081_Group81" 1 1 1 1 1 1 1 1 1 1 1 1
"082_Group82" 1 1 1 1 1 1 1 1 1 1 1 1
"083_Group83" 1 1 1 1 1 1 1 1 1 1 1 1
"084_Group84" 1 1 1 1 1 1 1 1 1 1 1 1
"085_Group85" 1 1 1 1 1 1 1 1 1 1 1 1
"086_Group86" 1 1 1 1 1 1 1 1 1 1 1 1
"087_Group87" 1 1 1 1 1 1 1 1 1 1 1 1
"088_Group88" 1 1 1 1 1 1 1 1 1 1 1 1
"089_Group89" 1 1 1 1 1 1 1 1 1 1 1 1
"090_Group90" 1 1 1 1 1 1 1 1 1 1 1 1
"091_Group91" 1 1 1 1 1 1 1 1 1 1 1 1
"092_Group92" 1 1 1 1 1 1 1 1 1 1 1 1
"093_Group93" 1 1 1 1 1 1 1 1 1 1 1 1
"094_Group94" 1 1 1 1 1 1 1 1 1 1 1 1
"095_Group95" 1 1 1 1 1 1 1 1 1 1 1 1

"<<<<<< Number of Samples per Acquisition Interval [1unit=500values] >>>>>>"
Time[m] 5 10 15 20 25 30 35 40 45 50 55 60 
#Samples 5 5 5 5 4 5 5 5 5 4 5 4 

"<<<<<< Average Temperature [°C] >>>>>>"
Time[m] 5 10 15 20 25 30 35 40 45 50 55 60 
Temp[°C] 25.1 25.0 25.1 25.0 25.1 25.1 25.1 25.1 25.1 25.1 25.1 25.2 

"<<<<<< Well Activity >>>>>>"
Well Group/Time[m] 5 10 15 20 25 30 35 40 45 50 55 60
A1 "000_Group0" 17 31 47 42 55 60 60 44 53 46 57 62
B1 "001_Group1" 56 47 67 50 42 46 51 44 51 53 47 36
C1 "002_Group2" 26 44 40 40 36 59 60 50 62 51 56 56
D1 "003_Group3" 37 44 48 66 54 47 50 52 32 32 46 35
E1 "004_Group4" 45 46 54 39 29 51 48 45 25 35 35 40
F1 "005_Group5" 56 54 45 43 20 20 59 47 62 40 35 39
G1 "006_Group6" 66 46 25 7 15 52 41 32 27 16 34 23
H1 "007_Group7" 6 3 11 5 12 2 0 0 8 0 6 15
A2 "008_Group8" 19 19 16 26 42 73 91 67 58 41 57 40
B2 "009_Group9" 116 22 22 21 27 27 43 20 28 33 36 21
C2 "010_Group10" 9 3 6 31 28 23 3 25 9 15 16 6
D2 "011_Group11" 28 32 44 26 21 44 39 19 34 38 34 15
E2 "012_Group12" 33 22 28 17 27 35 44 53 25 25 32 36
F2 "013_Group13" 24 35 26 35 12 24 70 68 45 39 32 27
G2 "014_Group14" 44 23 18 27 18 22 25 38 21 19 22 24
H2 "015_Group15" 0 0 0 0 0 0 0 0 0 0 0 0
A3 "016_Group16" 16 41 61 29 34 35 51 59 46 47 57 60
B3 "017_Group17" 47 17 20 27 34 47 45 43 28 24 53 25
C3 "018_Group18" 22 31 38 41 30 42 46 53 48 47 45 45
D3 "019_Group19" 54 27 18 29 14 54 73 75 48 38 32 39
E3 "020_Group20" 55 47 53 46 23 36 60 60 60 23 56 57
F3 "021_Group21" 62 56 37 14 30 71 53 58 44 38 31 44
G3 "022_Group22" 33 47 50 38 26 42 63 36 17 18 19 4
H3 "023_Group23" 10 1 0 0 1 0 0 0 0 10 0 7
A4 "024_Group24" 42 42 21 28 30 50 73 52 43 51 58 52
B4 "025_Group25" 27 28 24 37 29 40 37 44 36 24 43 31
C4 "026_Group26" 28 29 32 31 25 29 40 54 45 34 45 30
D4 "027_Group27" 27 17 27 20 18 28 31 52 38 32 40 30
E4 "028_Group28" 21 22 36 31 27 39 41 53 44 45 31 24
F4 "029_Group29" 31 26 17 14 19 24 38 49 48 18 43 34
G4 "030_Group30" 23 22 14 12 19 32 23 30 10 28 9 3
H4 "031_Group31" 0 0 0 0 0 0 0 0 0 0 0 0
A5 "032_Group32" 5 38 43 61 43 58 55 59 90 47 60 50
B5 "033_Group33" 44 48 53 42 51 51 47 72 63 49 69 45
C5 "034_Group34" 43 48 29 33 18 49 66 49 58 42 56 29
D5 "035_Group35" 49 58 52 56 43 54 60 48 58 30 45 42
E5 "036_Group36" 70 69 70 28 24 53 69 49 37 41 30 49
F5 "037_Group37" 52 64 42 29 23 25 28 49 38 31 39 21
G5 "038_Group38" 45 55 28 9 19 39 45 27 24 26 18 18
H5 "039_Group39" 13 4 0 6 2 8 24 14 23 8 15 9
A6 "040_Group40" 64 58 74 69 60 74 66 72 63 51 53 62
B6 "041_Group41" 66 82 91 75 37 54 55 48 35 35 37 41
C6 "042_Group42" 101 113 73 53 30 44 37 33 45 27 36 42
D6 "043_Group43" 61 50 54 35 34 59 48 95 95 49 66 30
E6 "044_Group44" 47 53 42 25 28 37 36 33 34 31 37 35
F6 "045_Group45" 62 53 47 31 27 34 62 64 62 24 35 22
G6 "046_Group46" 25 42 15 14 17 15 0 8 14 1 0 1
H6 "047_Group47" 25 22 33 22 14 8 8 22 24 14 21 9
A7 "048_Group48" 57 40 71 79 45 70 71 86 130 65 86 60
B7 "049_Group49" 20 29 26 30 24 38 45 56 66 65 59 72
C7 "050_Group50" 35 55 47 52 55 64 77 65 60 64 78 51
D7 "051_Group51" 64 80 66 42 37 59 61 69 68 54 53 39
E7 "052_Group52" 55 37 30 31 32 35 56 82 65 43 65 45
F7 "053_Group53" 58 70 53 37 32 52 57 66 66 50 56 49
G7 "054_Group54" 24 17 1 5 5 2 18 14 24 16 5 6
H7 "055_Group55" 6 17 14 3 12 34 22 21 19 7 12 21
A8 "056_Group56" 46 42 55 68 48 82 85 69 74 55 63 39
B8 "057_Group57" 42 33 29 33 30 43 60 60 70 39 55 35
C8 "058_Group58" 39 34 33 28 37 41 67 43 46 25 45 29
D8 "059_Group59" 32 32 38 73 22 35 39 37 44 48 31 45
E8 "060_Group60" 40 39 48 21 29 34 18 22 32 20 21 25
F8 "061_Group61" 21 30 25 16 6 23 31 26 38 26 40 36
G8 "062_Group62" 49 47 19 16 12 23 17 27 26 17 27 20
H8 "063_Group63" 11 0 14 15 17 6 46 15 12 0 16 26
A9 "064_Group64" 0 49 54 58 42 49 64 36 53 37 48 54
B9 "065_Group65" 41 43 44 33 40 61 45 49 67 35 47 36
C9 "066_Group66" 27 50 42 29 26 34 56 45 46 20 49 45
D9 "067_Group67" 44 48 49 46 38 41 62 58 42 34 42 35
E9 "068_Group68" 23 38 42 53 49 50 38 47 26 20 20 21
F9 "069_Group69" 35 37 50 24 32 36 41 21 17 22 25 21
G9 "070_Group70" 25 22 7 16 15 6 15 10 24 23 23 6
H9 "071_Group71" 11 20 0 17 5 8 24 7 7 21 16 16
A10 "072_Group72" 17 37 43 57 54 72 53 61 59 47 63 51
B10 "073_Group73" 5 32 45 33 47 26 49 42 60 38 59 28
C10 "074_Group74" 70 25 42 47 43 29 37 50 41 37 44 25
D10 "075_Group75" 54 55 37 43 50 37 61 54 42 15 46 32
E10 "076_Group76" 51 16 8 25 26 58 33 27 9 23 25 19
F10 "077_Group77" 43 39 45 32 37 32 17 43 9 20 27 20
G10 "078_Group78" 46 34 9 11 15 12 0 1 1 1 0 0
H10 "079_Group79" 0 9 2 41 5 20 7 0 3 1 10 0
A11 "080_Group80" 26 36 34 30 40 44 43 53 61 64 58 69
B11 "081_Group81" 28 43 37 33 32 51 45 34 56 17 33 34
C11 "082_Group82" 33 40 30 12 28 41 31 33 31 43 27 28
D11 "083_Group83" 44 45 11 12 8 13 33 30 41 22 17 27
E11 "084_Group84" 44 29 25 12 39 40 34 33 21 26 15 27
F11 "085_Group85" 26 21 20 2 5 16 27 31 18 33 13 37
G11 "086_Group86" 34 16 9 1 5 6 8 2 6 7 11 2
H11 "087_Group87" 0 0 2 0 0 0 0 0 4 0 3 1
A12 "088_Group88" 6 15 1 56 54 56 94 92 63 74 69 53
B12 "089_Group89" 19 18 3 11 30 40 60 59 62 43 52 25
C12 "090_Group90" 61 44 29 14 33 35 47 48 59 33 48 46
D12 "091_Group91" 39 23 17 14 24 30 32 34 50 27 48 28
E12 "092_Group92" 30 11 10 28 24 31 35 19 38 23 21 33
F12 "093_Group93" 40 10 4 0 14 3 20 29 29 2 26 14
G12 "094_Group94" 18 3 1 2 8 6 8 0 8 8 2 0
H12 "095_Group95" 14 9 20 23 11 26 17 23 25 11 27 9

"<<<<<< Channel Activity >>>>>>"
Channel Well Group/Time[m] 5 10 15 20 25 30 35 40 45 50 55 60
CH0 A1.0 "000_Group0" 17 31 47 42 55 60 60 44 53 46 57 62
CH2 B1.0 "001_Group1" 56 47 67 50 42 46 51 44 51 53 47 36
CH4 C1.0 "002_Group2" 26 44 40 40 36 59 60 50 62 51 56 56
CH6 D1.0 "003_Group3" 37 44 48 66 54 47 50 52 32 32 46 35
CH8 E1.0 "004_Group4" 45 46 54 39 29 51 48 45 25 35 35 40
CH10 F1.0 "005_Group5" 56 54 45 43 20 20 59 47 62 40 35 39
CH12 G1.0 "006_Group6" 66 46 25 7 15 52 41 32 27 16 34 23
CH14 H1.0 "007_Group7" 6 3 11 5 12 2 0 0 8 0 6 15
CH32 A2.0 "008_Group8" 19 19 16 26 42 73 91 67 58 41 57 40
CH34 B2.0 "009_Group9" 116 22 22 21 27 27 43 20 28 33 36 21
CH36 C2.0 "010_Group10" 9 3 6 31 28 23 3 25 9 15 16 6
CH38 D2.0 "011_Group11" 28 32 44 26 21 44 39 19 34 38 34 15
CH40 E2.0 "012_Group12" 33 22 28 17 27 35 44 53 25 25 32 36
CH42 F2.0 "013_Group13" 24 35 26 35 12 24 70 68 45 39 32 27
CH44 G2.0 "014_Group14" 44 23 18 27 18 22 25 38 21 19 22 24
CH46 H2.0 "015_Group15" 0 0 0 0 0 0 0 0 0 0 0 0
CH64 A3.0 "016_Group16" 16 41 61 29 34 35 51 59 46 47 57 60
CH66 B3.0 "017_Group17" 47 17 20 27 34 47 45 43 28 24 53 25
CH68 C3.0 "018_Group18" 22 31 38 41 30 42 46 53 48 47 45 45
CH70 D3.0 "019_Group19" 54 27 18 29 14 54 73 75 48 38 32 39
CH72 E3.0 "020_Group20" 55 47 53 46 23 36 60 60 60 23 56 57
CH74 F3.0 "021_Group21" 62 56 37 14 30 71 53 58 44 38 31 44
CH76 G3.0 "022_Group22" 33 47 50 38 26 42 63 36 17 18 19 4
CH78 H3.0 "023_Group23" 10 1 0 0 1 0 0 0 0 10 0 7
CH96 A4.0 "024_Group24" 42 42 21 28 30 50 73 52 43 51 58 52
CH98 B4.0 "025_Group25" 27 28 24 37 29 40 37 44 36 24 43 31
CH100 C4.0 "026_Group26" 28 29 32 31 25 29 40 54 45 34 45 30
CH102 D4.0 "027_Group27" 27 17 27 20 18 28 31 52 38 32 40 30
CH104 E4.0 "028_Group28" 21 22 36 31 27 39 41 53 44 45 31 24
CH106 F4.0 "029_Group29" 31 26 17 14 19 24 38 49 48 18 43 34
CH108 G4.0 "030_Group30" 23 22 14 12 19 32 23 30 10 28 9 3
CH110 H4.0 "031_Group31" 0 0 0 0 0 0 0 0 0 0 0 0
CH128 A5.0 "032_Group32" 5 38 43 61 43 58 55 59 90 47 60 50
CH130 B5.0 "033_Group33" 44 48 53 42 51 51 47 72 63 49 69 45
CH132 C5.0 "034_Group34" 43 48 29 33 18 49 66 49 58 42 56 29
CH134 D5.0 "035_Group35" 49 58 52 56 43 54 60 48 58 30 45 42
CH136 E5.0 "036_Group36" 70 69 70 28 24 53 69 49 37 41 30 49
CH138 F5.0 "037_Group37" 52 64 42 29 23 25 28 49 38 31 39 21
CH140 G5.0 "038_Group38" 45 55 28 9 19 39 45 27 24 26 18 18
CH142 H5.0 "039_Group39" 13 4 0 6 2 8 24 14 23 8 15 9
CH160 A6.0 "040_Group40" 64 58 74 69 60 74 66 72 63 51 53 62
CH162 B6.0 "041_Group41" 66 82 91 75 37 54 55 48 35 35 37 41
CH164 C6.0 "042_Group42" 101 113 73 53 30 44 37 33 45 27 36 42
CH166 D6.0 "043_Group43" 61 50 54 35 34 59 48 95 95 49 66 30
CH168 E6.0 "044_Group44" 47 53 42 25 28 37 36 33 34 31 37 35
CH170 F6.0 "045_Group45" 62 53 47 31 27 34 62 64 62 24 35 22
CH172 G6.0 "046_Group46" 25 42 15 14 17 15 0 8 14 1 0 1
CH174 H6.0 "047_Group47" 25 22 33 22 14 8 8 22 24 14 21 9
CH192 A7.0 "048_Group48" 57 40 71 79 45 70 71 86 130 65 86 60
CH194 B7.0 "049_Group49" 20 29 26 30 24 38 45 56 66 65 59 72
CH196 C7.0 "050_Group50" 35 55 47 52 55 64 77 65 60 64 78 51
CH198 D7.0 "051_Group51" 64 80 66 42 37 59 61 69 68 54 53 39
CH200 E7.0 "052_Group52" 55 37 30 31 32 35 56 82 65 43 65 45
CH202 F7.0 "053_Group53" 58 70 53 37 32 52 57 66 66 50 56 49
CH204 G7.0 "054_Group54" 24 17 1 5 5 2 18 14 24 16 5 6
CH206 H7.0 "055_Group55" 6 17 14 3 12 34 22 21 19 7 12 21
CH224 A8.0 "056_Group56" 46 42 55 68 48 82 85 69 74 55 63 39
CH226 B8.0 "057_Group57" 42 33 29 33 30 43 60 60 70 39 55 35
CH228 C8.0 "058_Group58" 39 34 33 28 37 41 67 43 46 25 45 29
CH230 D8.0 "059_Group59" 32 32 38 73 22 35 39 37 44 48 31 45
CH232 E8.0 "060_Group60" 40 39 48 21 29 34 18 22 32 20 21 25
CH234 F8.0 "061_Group61" 21 30 25 16 6 23 31 26 38 26 40 36
CH236 G8.0 "062_Group62" 49 47 19 16 12 23 17 27 26 17 27 20
CH238 H8.0 "063_Group63" 11 0 14 15 17 6 46 15 12 0 16 26
CH256 A9.0 "064_Group64" 0 49 54 58 42 49 64 36 53 37 48 54
CH258 B9.0 "065_Group65" 41 43 44 33 40 61 45 49 67 35 47 36
CH260 C9.0 "066_Group66" 27 50 42 29 26 34 56 45 46 20 49 45
CH262 D9.0 "067_Group67" 44 48 49 46 38 41 62 58 42 34 42 35
CH264 E9.0 "068_Group68" 23 38 42 53 49 50 38 47 26 20 20 21
CH266 F9.0 "069_Group69" 35 37 50 24 32 36 41 21 17 22 25 21
CH268 G9.0 "070_Group70" 25 22 7 16 15 6 15 10 24 23 23 6
CH270 H9.0 "071_Group71" 11 20 0 17 5 8 24 7 7 21 16 16
CH288 A10.0 "072_Group72" 17 37 43 57 54 72 53 61 59 47 63 51
CH290 B10.0 "073_Group73" 5 32 45 33 47 26 49 42 60 38 59 28
CH292 C10.0 "074_Group74" 70 25 42 47 43 29 37 50 41 37 44 25
CH294 D10.0 "075_Group75" 54 55 37 43 50 37 61 54 42 15 46 32
CH296 E10.0 "076_Group76" 51 16 8 25 26 58 33 27 9 23 25 19
CH298 F10.0 "077_Group77" 43 39 45 32 37 32 17 43 9 20 27 20
CH300 G10.0 "078_Group78" 46 34 9 11 15 12 0 1 1 1 0 0
CH302 H10.0 "079_Group79" 0 9 2 41 5 20 7 0 3 1 10 0
CH320 A11.0 "080_Group80" 26 36 34 30 40 44 43 53 61 64 58 69
CH322 B11.0 "081_Group81" 28 43 37 33 32 51 45 34 56 17 33 34
CH324 C11.0 "082_Group82" 33 40 30 12 28 41 31 33 31 43 27 28
CH326 D11.0 "083_Group83" 44 45 11 12 8 13 33 30 41 22 17 27
CH328 E11.0 "084_Group84" 44 29 25 12 39 40 34 33 21 26 15 27
CH330 F11.0 "085_Group85" 26 21 20 2 5 16 27 31 18 33 13 37
CH332 G11.0 "086_Group86" 34 16 9 1 5 6 8 2 6 7 11 2
CH334 H11.0 "087_Group87" 0 0 2 0 0 0 0 0 4 0 3 1
CH352 A12.0 "088_Group88" 6 15 1 56 54 56 94 92 63 74 69 53
CH354 B12.0 "089_Group89" 19 18 3 11 30 40 60 59 62 43 52 25
CH356 C12.0 "090_Group90" 61 44 29 14 33 35 47 48 59 33 48 46
CH358 D12.0 "091_Group91" 39 23 17 14 24 30 32 34 50 27 48 28
CH360 E12.0 "092_Group92" 30 11 10 28 24 31 35 19 38 23 21 33
CH362 F12.0 "093_Group93" 40 10 4 0 14 3 20 29 29 2 26 14
CH364 G12.0 "094_Group94" 18 3 1 2 8 6 8 0 8 8 2 0
CH366 H12.0 "095_Group95" 14 9 20 23 11 26 17 23 25 11 27 9
