"DATE:" "2/25/2015 11:02:24 AM"
"FILE:" "C:\Users\AndersenLab\Desktop\wmicrotracker\p00011\20150219_1103"
"SUBPROJECT:" "20150219_Levamisole"

"<<<<<< Group Activity: Average Activity Counts per Data Interval>>>>>>"
Group/Time[m] 2 4 6 8 10 12 14 16 18 20 22 24 26 28 30 32 34 36 38 40 42 44 46 48 50 52 54 56 58 60
"000_Group0" 9 10 11 3 4 9 1 0 6 3 11 8 8 4 5 5 11 2 0 6 5 1 1 6 11 5 8 7 11 11
"001_Group1" 10 6 12 7 11 11 16 19 11 14 12 15 15 13 14 13 19 13 11 20 29 26 12 4 5 10 8 8 9 20
"002_Group2" 8 7 7 7 14 9 12 12 16 19 20 21 17 10 9 4 11 9 12 17 9 13 12 16 11 10 6 11 11 6
"003_Group3" 9 23 14 12 16 19 20 5 15 13 11 21 18 23 15 13 23 22 15 15 12 15 17 17 14 15 15 12 14 10
"004_Group4" 25 22 21 30 18 20 22 29 15 22 18 15 19 14 14 21 24 13 20 23 17 16 12 15 26 22 19 16 18 21
"005_Group5" 5 18 13 15 12 17 13 9 13 10 7 10 15 19 15 14 15 19 22 20 19 20 19 22 20 15 21 22 15 11
"006_Group6" 14 19 10 10 3 11 13 8 19 18 13 21 24 9 19 19 19 14 8 9 16 3 9 12 15 18 15 16 20 14
"007_Group7" 22 23 23 15 26 11 16 16 14 15 21 20 16 11 10 16 16 13 10 11 22 18 11 12 14 17 12 14 16 16
"008_Group8" 8 6 8 13 21 23 17 7 8 7 10 18 12 14 17 13 14 17 12 9 7 13 15 8 14 9 10 6 11 20
"009_Group9" 7 8 18 8 7 9 16 13 8 9 7 17 13 13 16 21 17 9 16 17 13 12 7 8 7 10 10 10 23 16
"010_Group10" 5 17 11 10 8 14 13 10 12 12 18 15 9 17 22 21 15 19 15 21 23 10 17 20 11 15 17 9 12 11
"011_Group11" 13 18 22 26 15 15 11 24 18 21 18 23 24 18 22 22 25 17 21 23 21 21 27 14 16 25 29 16 14 18
"012_Group12" 21 28 28 22 25 31 28 28 34 32 32 45 29 31 27 22 33 20 26 25 34 33 33 31 32 27 22 17 20 28
"013_Group13" 11 22 14 21 15 27 24 17 30 17 33 21 22 31 21 30 30 23 16 24 26 31 27 19 33 21 27 22 17 20
"014_Group14" 26 37 39 47 31 31 25 18 19 23 29 26 26 28 23 27 23 22 17 15 23 22 20 26 28 26 25 34 23 34
"015_Group15" 48 37 44 42 41 41 37 48 22 29 26 19 27 19 23 25 17 28 30 20 24 16 30 27 29 23 27 29 27 22
"016_Group16" 15 12 9 18 17 10 3 3 3 5 1 7 8 10 9 2 7 5 7 2 1 7 11 16 23 14 12 11 9 8
"017_Group17" 4 8 9 14 8 11 12 12 23 11 11 8 16 8 14 11 15 23 24 14 9 16 14 16 19 20 18 16 22 18
"018_Group18" 3 5 3 11 12 14 15 8 6 7 15 10 15 16 9 16 14 23 14 21 20 16 20 30 19 16 18 19 18 11
"019_Group19" 0 0 0 1 0 0 0 0 0 0 0 0 0 0 0 0 0 0 0 0 0 0 0 0 0 0 0 0 0 0
"020_Group20" 13 24 32 23 26 20 20 20 13 23 20 15 21 19 21 25 16 18 22 20 18 17 24 19 12 15 22 18 21 21
"021_Group21" 5 8 7 20 16 20 13 10 11 16 15 7 12 15 18 16 15 15 9 15 18 17 12 12 8 10 13 15 18 14
"022_Group22" 22 23 19 13 27 14 12 16 20 25 14 17 13 17 17 24 18 18 15 25 21 18 25 13 19 20 21 21 14 22
"023_Group23" 34 36 31 25 32 24 22 23 17 17 19 19 19 19 16 14 17 14 18 16 19 16 17 15 18 17 11 21 23 15
"024_Group24" 9 5 7 7 19 6 11 2 1 1 3 5 8 0 1 3 1 2 1 4 21 12 18 18 24 22 14 13 11 13
"025_Group25" 2 5 7 9 7 8 8 6 13 19 24 16 10 6 3 12 18 14 11 12 15 14 9 17 14 12 9 16 17 10
"026_Group26" 4 6 6 7 2 12 6 9 9 11 24 14 19 12 14 21 17 16 18 15 19 14 21 12 14 18 22 13 28 23
"027_Group27" 20 14 15 17 20 17 10 17 14 15 11 15 19 19 14 17 12 18 24 17 16 11 21 17 13 22 22 15 20 11
"028_Group28" 32 24 23 20 16 24 23 24 26 19 18 18 14 15 15 16 16 20 21 19 18 18 21 23 19 15 20 20 22 16
"029_Group29" 13 14 20 16 25 21 21 20 24 16 15 18 20 18 21 18 13 10 23 22 25 12 16 19 20 23 17 23 15 10
"030_Group30" 22 27 25 24 12 16 20 24 17 15 23 20 22 19 19 26 24 25 15 23 21 19 21 24 23 21 20 25 22 22
"031_Group31" 30 32 36 33 31 25 31 21 22 29 28 22 27 16 20 24 18 17 23 21 18 19 20 30 13 21 22 20 21 12
"032_Group32" 5 11 9 18 14 11 1 13 17 10 10 3 2 9 7 6 2 7 9 7 14 15 20 25 20 16 12 19 18 15
"033_Group33" 2 5 3 9 11 9 14 10 7 8 13 11 7 16 10 13 18 21 24 20 10 10 21 19 12 12 12 9 12 9
"034_Group34" 4 12 13 13 9 8 13 10 8 8 12 14 13 13 14 15 13 14 20 17 29 19 18 22 23 20 16 15 19 24
"035_Group35" 12 15 16 11 15 13 13 14 14 13 14 14 11 13 15 19 16 22 11 14 13 12 16 17 11 14 15 15 11 13
"036_Group36" 19 18 22 20 16 13 24 21 25 20 23 15 22 26 22 13 24 18 25 25 24 18 26 15 29 24 14 13 21 25
"037_Group37" 7 12 13 13 23 14 13 14 11 17 22 18 17 19 19 19 19 20 16 16 13 14 19 21 16 14 12 19 13 12
"038_Group38" 23 17 25 26 22 28 27 21 17 30 28 22 25 33 24 22 23 27 20 26 25 28 16 22 25 34 27 23 29 26
"039_Group39" 40 34 41 34 22 22 19 24 20 17 20 25 24 18 22 26 26 22 15 25 20 26 15 17 20 18 18 19 32 17
"040_Group40" 10 20 17 10 21 9 7 13 15 15 10 3 3 9 12 5 18 4 11 6 15 21 20 13 14 22 19 22 20 13
"041_Group41" 8 17 24 18 13 8 17 21 11 7 8 18 17 24 16 15 8 17 26 14 14 17 12 15 8 7 4 3 14 15
"042_Group42" 4 4 3 8 11 11 10 14 12 15 13 8 5 15 11 9 15 18 15 17 18 13 14 21 20 21 18 19 14 12
"043_Group43" 10 14 16 20 20 15 22 18 10 21 17 17 13 13 13 12 20 16 20 15 14 19 17 15 14 10 20 15 16 12
"044_Group44" 28 17 24 23 19 16 21 17 11 10 15 16 18 23 21 21 19 17 17 18 21 20 17 18 18 13 18 15 19 18
"045_Group45" 8 21 19 19 22 15 25 18 14 16 13 20 16 17 11 14 19 16 20 20 31 20 21 14 19 23 23 24 13 16
"046_Group46" 14 16 23 22 11 30 21 28 15 18 21 20 23 18 28 17 24 16 24 23 13 21 16 16 21 24 23 23 16 16
"047_Group47" 45 30 36 38 37 31 38 20 24 17 27 21 27 20 29 34 21 15 21 30 30 33 29 20 20 23 27 20 23 17
"048_Group48" 13 11 3 2 0 0 1 3 1 0 0 1 3 3 7 9 0 4 1 5 5 7 5 4 10 2 6 7 8 8
"049_Group49" 7 12 16 21 16 8 15 10 12 11 14 17 8 14 16 10 17 17 7 10 9 13 14 14 17 13 14 22 13 13
"050_Group50" 11 13 22 18 12 7 14 18 14 14 14 16 16 13 15 11 11 7 8 8 8 6 9 4 7 8 9 20 13 13
"051_Group51" 16 19 18 12 17 18 15 13 18 21 19 24 16 10 12 17 12 15 15 16 14 18 14 18 12 13 14 20 12 9
"052_Group52" 18 16 26 16 26 20 17 18 21 18 18 20 18 25 18 23 23 17 15 23 23 17 21 16 20 18 17 17 16 14
"053_Group53" 17 25 16 20 21 16 17 25 21 21 14 17 20 16 20 16 19 23 18 22 18 19 18 15 15 14 23 21 12 11
"054_Group54" 13 21 18 24 18 26 16 21 25 23 15 18 27 21 18 26 21 33 26 25 23 14 32 17 21 24 26 21 24 29
"055_Group55" 0 0 0 0 0 0 0 0 0 0 0 0 0 0 0 0 0 0 0 0 0 0 0 0 0 0 0 0 0 0
"056_Group56" 10 13 7 5 3 6 14 14 7 10 10 12 14 11 9 19 5 8 6 14 18 14 10 14 14 11 6 6 6 6
"057_Group57" 10 8 10 19 13 14 17 17 14 18 18 19 22 15 23 20 25 26 20 24 27 18 14 16 15 12 16 14 8 15
"058_Group58" 12 19 8 13 10 19 17 13 19 11 19 16 13 10 8 15 17 21 13 17 16 16 16 12 16 12 14 15 17 16
"059_Group59" 11 9 9 10 14 11 15 18 13 19 21 23 22 26 21 19 22 20 19 18 19 22 20 15 17 12 11 19 16 13
"060_Group60" 20 28 31 37 28 24 27 38 33 29 25 21 13 19 14 14 23 17 20 24 19 20 26 24 22 16 20 17 21 20
"061_Group61" 11 12 28 23 27 33 27 28 36 26 23 21 20 20 32 22 24 21 27 25 29 12 13 15 19 33 22 25 23 21
"062_Group62" 30 33 34 42 36 45 25 21 19 22 17 23 18 15 19 19 26 24 27 26 26 26 14 30 23 26 21 22 26 24
"063_Group63" 41 38 46 30 22 17 25 26 32 18 21 26 18 22 19 27 18 22 22 23 27 30 27 19 18 24 17 22 17 19
"064_Group64" 13 7 11 5 2 7 4 2 2 3 7 3 6 6 3 3 0 6 1 5 1 6 3 2 10 6 11 11 8 10
"065_Group65" 4 6 8 5 3 7 8 5 9 11 11 6 5 14 9 13 7 14 12 7 12 7 16 7 8 8 8 14 12 9
"066_Group66" 5 9 13 15 10 8 12 6 9 8 8 11 9 8 8 8 8 8 13 10 9 18 14 14 9 8 10 13 15 13
"067_Group67" 11 9 12 14 13 14 14 15 9 10 16 11 14 12 10 20 12 15 12 11 18 19 22 10 15 12 15 18 14 13
"068_Group68" 24 24 34 23 20 16 20 22 21 22 23 25 31 13 12 16 13 23 17 22 15 27 16 19 15 18 16 26 27 23
"069_Group69" 7 20 14 14 20 21 21 22 14 16 20 15 17 10 12 13 12 26 22 16 15 20 18 21 21 20 20 25 19 16
"070_Group70" 14 28 13 12 21 22 14 34 28 19 16 18 16 18 22 20 16 17 21 18 12 11 26 24 20 16 13 17 12 22
"071_Group71" 0 0 0 0 0 0 0 0 0 0 0 0 0 0 0 1 0 0 0 0 0 0 0 0 0 0 0 0 0 0
"072_Group72" 5 6 8 11 4 1 0 0 0 0 0 0 0 1 7 12 17 10 11 9 8 7 4 9 10 16 15 10 10 15
"073_Group73" 6 14 20 13 19 16 12 14 13 6 13 8 19 16 7 6 4 11 22 11 24 13 7 7 18 8 4 14 15 19
"074_Group74" 8 6 10 26 11 19 17 18 14 9 5 15 11 17 26 22 14 18 21 21 23 19 27 13 9 15 17 21 15 22
"075_Group75" 16 17 20 18 10 24 10 10 11 8 19 16 13 17 15 9 25 19 15 16 15 16 17 11 16 15 15 12 16 14
"076_Group76" 0 0 0 0 0 0 0 0 0 0 0 0 0 0 0 0 0 0 0 0 0 0 0 0 0 0 0 0 1 0
"077_Group77" 4 10 17 18 13 14 12 10 19 11 16 15 9 16 14 11 14 12 18 13 17 17 23 17 16 17 15 14 22 23
"078_Group78" 25 30 17 27 19 18 19 23 23 23 19 20 18 31 21 19 18 22 18 20 22 23 31 30 17 18 26 21 22 19
"079_Group79" 31 33 29 30 29 26 23 22 20 19 20 20 20 17 17 17 12 24 20 27 29 23 17 13 14 20 17 21 16 8
"080_Group80" 2 0 3 1 0 2 9 0 5 11 16 9 6 7 6 3 5 5 4 8 6 12 13 9 7 6 7 8 7 5
"081_Group81" 1 15 4 12 6 9 7 1 1 1 3 3 3 3 3 4 6 9 5 13 18 5 13 9 8 12 11 6 9 14
"082_Group82" 9 5 9 12 10 12 8 12 9 6 5 3 7 6 9 10 15 10 10 11 13 12 14 19 10 7 12 17 14 14
"083_Group83" 9 14 18 6 13 16 17 18 16 17 12 12 18 13 12 13 16 13 12 15 19 15 17 13 16 12 21 15 10 15
"084_Group84" 16 19 27 20 20 12 20 19 23 18 21 15 19 16 16 22 14 23 19 25 19 25 25 14 18 17 18 13 19 15
"085_Group85" 6 18 19 21 20 16 27 15 18 17 14 7 15 14 22 19 13 22 27 19 19 22 18 20 22 16 14 16 15 25
"086_Group86" 16 24 21 19 31 21 12 23 23 23 28 20 16 22 13 20 23 19 14 18 16 17 15 12 11 12 18 14 20 18
"087_Group87" 18 17 21 21 15 26 13 15 24 18 17 12 19 16 20 17 13 27 18 26 21 19 24 20 18 18 15 22 16 13
"088_Group88" 7 10 7 10 8 10 3 14 5 8 6 3 3 7 5 3 0 1 10 3 5 9 3 5 2 6 1 1 3 7
"089_Group89" 9 14 17 5 10 8 14 17 11 12 9 16 17 17 8 12 21 15 6 8 8 7 10 11 4 5 12 11 11 5
"090_Group90" 13 12 5 3 12 9 7 11 17 8 18 19 10 20 6 22 18 9 12 16 12 14 11 15 13 9 16 11 12 17
"091_Group91" 14 24 12 10 17 19 15 27 19 19 14 14 25 29 15 22 19 15 18 18 21 23 17 16 13 18 23 13 19 22
"092_Group92" 19 24 28 23 24 24 19 16 17 22 22 15 20 20 17 20 10 16 22 21 14 18 20 18 19 19 20 13 18 20
"093_Group93" 11 14 28 21 15 17 18 21 30 17 18 27 21 21 19 23 23 22 21 16 20 23 19 28 16 18 27 18 32 32
"094_Group94" 17 15 16 19 13 21 23 15 9 19 15 21 24 12 13 18 18 17 16 10 7 23 16 22 18 18 25 28 17 24
"095_Group95" 35 35 31 30 30 32 28 17 23 23 32 26 23 25 25 20 26 22 25 18 28 19 41 29 22 30 32 27 25 24

"<<<<<< Group Activity: Number of wells/group >>>>>>"
Group/Time[m] 2 4 6 8 10 12 14 16 18 20 22 24 26 28 30 32 34 36 38 40 42 44 46 48 50 52 54 56 58 60
"000_Group0" 1 1 1 1 1 1 1 1 1 1 1 1 1 1 1 1 1 1 1 1 1 1 1 1 1 1 1 1 1 1
"001_Group1" 1 1 1 1 1 1 1 1 1 1 1 1 1 1 1 1 1 1 1 1 1 1 1 1 1 1 1 1 1 1
"002_Group2" 1 1 1 1 1 1 1 1 1 1 1 1 1 1 1 1 1 1 1 1 1 1 1 1 1 1 1 1 1 1
"003_Group3" 1 1 1 1 1 1 1 1 1 1 1 1 1 1 1 1 1 1 1 1 1 1 1 1 1 1 1 1 1 1
"004_Group4" 1 1 1 1 1 1 1 1 1 1 1 1 1 1 1 1 1 1 1 1 1 1 1 1 1 1 1 1 1 1
"005_Group5" 1 1 1 1 1 1 1 1 1 1 1 1 1 1 1 1 1 1 1 1 1 1 1 1 1 1 1 1 1 1
"006_Group6" 1 1 1 1 1 1 1 1 1 1 1 1 1 1 1 1 1 1 1 1 1 1 1 1 1 1 1 1 1 1
"007_Group7" 1 1 1 1 1 1 1 1 1 1 1 1 1 1 1 1 1 1 1 1 1 1 1 1 1 1 1 1 1 1
"008_Group8" 1 1 1 1 1 1 1 1 1 1 1 1 1 1 1 1 1 1 1 1 1 1 1 1 1 1 1 1 1 1
"009_Group9" 1 1 1 1 1 1 1 1 1 1 1 1 1 1 1 1 1 1 1 1 1 1 1 1 1 1 1 1 1 1
"010_Group10" 1 1 1 1 1 1 1 1 1 1 1 1 1 1 1 1 1 1 1 1 1 1 1 1 1 1 1 1 1 1
"011_Group11" 1 1 1 1 1 1 1 1 1 1 1 1 1 1 1 1 1 1 1 1 1 1 1 1 1 1 1 1 1 1
"012_Group12" 1 1 1 1 1 1 1 1 1 1 1 1 1 1 1 1 1 1 1 1 1 1 1 1 1 1 1 1 1 1
"013_Group13" 1 1 1 1 1 1 1 1 1 1 1 1 1 1 1 1 1 1 1 1 1 1 1 1 1 1 1 1 1 1
"014_Group14" 1 1 1 1 1 1 1 1 1 1 1 1 1 1 1 1 1 1 1 1 1 1 1 1 1 1 1 1 1 1
"015_Group15" 1 1 1 1 1 1 1 1 1 1 1 1 1 1 1 1 1 1 1 1 1 1 1 1 1 1 1 1 1 1
"016_Group16" 1 1 1 1 1 1 1 1 1 1 1 1 1 1 1 1 1 1 1 1 1 1 1 1 1 1 1 1 1 1
"017_Group17" 1 1 1 1 1 1 1 1 1 1 1 1 1 1 1 1 1 1 1 1 1 1 1 1 1 1 1 1 1 1
"018_Group18" 1 1 1 1 1 1 1 1 1 1 1 1 1 1 1 1 1 1 1 1 1 1 1 1 1 1 1 1 1 1
"019_Group19" 1 1 1 1 1 1 1 1 1 1 1 1 1 1 1 1 1 1 1 1 1 1 1 1 1 1 1 1 1 1
"020_Group20" 1 1 1 1 1 1 1 1 1 1 1 1 1 1 1 1 1 1 1 1 1 1 1 1 1 1 1 1 1 1
"021_Group21" 1 1 1 1 1 1 1 1 1 1 1 1 1 1 1 1 1 1 1 1 1 1 1 1 1 1 1 1 1 1
"022_Group22" 1 1 1 1 1 1 1 1 1 1 1 1 1 1 1 1 1 1 1 1 1 1 1 1 1 1 1 1 1 1
"023_Group23" 1 1 1 1 1 1 1 1 1 1 1 1 1 1 1 1 1 1 1 1 1 1 1 1 1 1 1 1 1 1
"024_Group24" 1 1 1 1 1 1 1 1 1 1 1 1 1 1 1 1 1 1 1 1 1 1 1 1 1 1 1 1 1 1
"025_Group25" 1 1 1 1 1 1 1 1 1 1 1 1 1 1 1 1 1 1 1 1 1 1 1 1 1 1 1 1 1 1
"026_Group26" 1 1 1 1 1 1 1 1 1 1 1 1 1 1 1 1 1 1 1 1 1 1 1 1 1 1 1 1 1 1
"027_Group27" 1 1 1 1 1 1 1 1 1 1 1 1 1 1 1 1 1 1 1 1 1 1 1 1 1 1 1 1 1 1
"028_Group28" 1 1 1 1 1 1 1 1 1 1 1 1 1 1 1 1 1 1 1 1 1 1 1 1 1 1 1 1 1 1
"029_Group29" 1 1 1 1 1 1 1 1 1 1 1 1 1 1 1 1 1 1 1 1 1 1 1 1 1 1 1 1 1 1
"030_Group30" 1 1 1 1 1 1 1 1 1 1 1 1 1 1 1 1 1 1 1 1 1 1 1 1 1 1 1 1 1 1
"031_Group31" 1 1 1 1 1 1 1 1 1 1 1 1 1 1 1 1 1 1 1 1 1 1 1 1 1 1 1 1 1 1
"032_Group32" 1 1 1 1 1 1 1 1 1 1 1 1 1 1 1 1 1 1 1 1 1 1 1 1 1 1 1 1 1 1
"033_Group33" 1 1 1 1 1 1 1 1 1 1 1 1 1 1 1 1 1 1 1 1 1 1 1 1 1 1 1 1 1 1
"034_Group34" 1 1 1 1 1 1 1 1 1 1 1 1 1 1 1 1 1 1 1 1 1 1 1 1 1 1 1 1 1 1
"035_Group35" 1 1 1 1 1 1 1 1 1 1 1 1 1 1 1 1 1 1 1 1 1 1 1 1 1 1 1 1 1 1
"036_Group36" 1 1 1 1 1 1 1 1 1 1 1 1 1 1 1 1 1 1 1 1 1 1 1 1 1 1 1 1 1 1
"037_Group37" 1 1 1 1 1 1 1 1 1 1 1 1 1 1 1 1 1 1 1 1 1 1 1 1 1 1 1 1 1 1
"038_Group38" 1 1 1 1 1 1 1 1 1 1 1 1 1 1 1 1 1 1 1 1 1 1 1 1 1 1 1 1 1 1
"039_Group39" 1 1 1 1 1 1 1 1 1 1 1 1 1 1 1 1 1 1 1 1 1 1 1 1 1 1 1 1 1 1
"040_Group40" 1 1 1 1 1 1 1 1 1 1 1 1 1 1 1 1 1 1 1 1 1 1 1 1 1 1 1 1 1 1
"041_Group41" 1 1 1 1 1 1 1 1 1 1 1 1 1 1 1 1 1 1 1 1 1 1 1 1 1 1 1 1 1 1
"042_Group42" 1 1 1 1 1 1 1 1 1 1 1 1 1 1 1 1 1 1 1 1 1 1 1 1 1 1 1 1 1 1
"043_Group43" 1 1 1 1 1 1 1 1 1 1 1 1 1 1 1 1 1 1 1 1 1 1 1 1 1 1 1 1 1 1
"044_Group44" 1 1 1 1 1 1 1 1 1 1 1 1 1 1 1 1 1 1 1 1 1 1 1 1 1 1 1 1 1 1
"045_Group45" 1 1 1 1 1 1 1 1 1 1 1 1 1 1 1 1 1 1 1 1 1 1 1 1 1 1 1 1 1 1
"046_Group46" 1 1 1 1 1 1 1 1 1 1 1 1 1 1 1 1 1 1 1 1 1 1 1 1 1 1 1 1 1 1
"047_Group47" 1 1 1 1 1 1 1 1 1 1 1 1 1 1 1 1 1 1 1 1 1 1 1 1 1 1 1 1 1 1
"048_Group48" 1 1 1 1 1 1 1 1 1 1 1 1 1 1 1 1 1 1 1 1 1 1 1 1 1 1 1 1 1 1
"049_Group49" 1 1 1 1 1 1 1 1 1 1 1 1 1 1 1 1 1 1 1 1 1 1 1 1 1 1 1 1 1 1
"050_Group50" 1 1 1 1 1 1 1 1 1 1 1 1 1 1 1 1 1 1 1 1 1 1 1 1 1 1 1 1 1 1
"051_Group51" 1 1 1 1 1 1 1 1 1 1 1 1 1 1 1 1 1 1 1 1 1 1 1 1 1 1 1 1 1 1
"052_Group52" 1 1 1 1 1 1 1 1 1 1 1 1 1 1 1 1 1 1 1 1 1 1 1 1 1 1 1 1 1 1
"053_Group53" 1 1 1 1 1 1 1 1 1 1 1 1 1 1 1 1 1 1 1 1 1 1 1 1 1 1 1 1 1 1
"054_Group54" 1 1 1 1 1 1 1 1 1 1 1 1 1 1 1 1 1 1 1 1 1 1 1 1 1 1 1 1 1 1
"055_Group55" 1 1 1 1 1 1 1 1 1 1 1 1 1 1 1 1 1 1 1 1 1 1 1 1 1 1 1 1 1 1
"056_Group56" 1 1 1 1 1 1 1 1 1 1 1 1 1 1 1 1 1 1 1 1 1 1 1 1 1 1 1 1 1 1
"057_Group57" 1 1 1 1 1 1 1 1 1 1 1 1 1 1 1 1 1 1 1 1 1 1 1 1 1 1 1 1 1 1
"058_Group58" 1 1 1 1 1 1 1 1 1 1 1 1 1 1 1 1 1 1 1 1 1 1 1 1 1 1 1 1 1 1
"059_Group59" 1 1 1 1 1 1 1 1 1 1 1 1 1 1 1 1 1 1 1 1 1 1 1 1 1 1 1 1 1 1
"060_Group60" 1 1 1 1 1 1 1 1 1 1 1 1 1 1 1 1 1 1 1 1 1 1 1 1 1 1 1 1 1 1
"061_Group61" 1 1 1 1 1 1 1 1 1 1 1 1 1 1 1 1 1 1 1 1 1 1 1 1 1 1 1 1 1 1
"062_Group62" 1 1 1 1 1 1 1 1 1 1 1 1 1 1 1 1 1 1 1 1 1 1 1 1 1 1 1 1 1 1
"063_Group63" 1 1 1 1 1 1 1 1 1 1 1 1 1 1 1 1 1 1 1 1 1 1 1 1 1 1 1 1 1 1
"064_Group64" 1 1 1 1 1 1 1 1 1 1 1 1 1 1 1 1 1 1 1 1 1 1 1 1 1 1 1 1 1 1
"065_Group65" 1 1 1 1 1 1 1 1 1 1 1 1 1 1 1 1 1 1 1 1 1 1 1 1 1 1 1 1 1 1
"066_Group66" 1 1 1 1 1 1 1 1 1 1 1 1 1 1 1 1 1 1 1 1 1 1 1 1 1 1 1 1 1 1
"067_Group67" 1 1 1 1 1 1 1 1 1 1 1 1 1 1 1 1 1 1 1 1 1 1 1 1 1 1 1 1 1 1
"068_Group68" 1 1 1 1 1 1 1 1 1 1 1 1 1 1 1 1 1 1 1 1 1 1 1 1 1 1 1 1 1 1
"069_Group69" 1 1 1 1 1 1 1 1 1 1 1 1 1 1 1 1 1 1 1 1 1 1 1 1 1 1 1 1 1 1
"070_Group70" 1 1 1 1 1 1 1 1 1 1 1 1 1 1 1 1 1 1 1 1 1 1 1 1 1 1 1 1 1 1
"071_Group71" 1 1 1 1 1 1 1 1 1 1 1 1 1 1 1 1 1 1 1 1 1 1 1 1 1 1 1 1 1 1
"072_Group72" 1 1 1 1 1 1 1 1 1 1 1 1 1 1 1 1 1 1 1 1 1 1 1 1 1 1 1 1 1 1
"073_Group73" 1 1 1 1 1 1 1 1 1 1 1 1 1 1 1 1 1 1 1 1 1 1 1 1 1 1 1 1 1 1
"074_Group74" 1 1 1 1 1 1 1 1 1 1 1 1 1 1 1 1 1 1 1 1 1 1 1 1 1 1 1 1 1 1
"075_Group75" 1 1 1 1 1 1 1 1 1 1 1 1 1 1 1 1 1 1 1 1 1 1 1 1 1 1 1 1 1 1
"076_Group76" 1 1 1 1 1 1 1 1 1 1 1 1 1 1 1 1 1 1 1 1 1 1 1 1 1 1 1 1 1 1
"077_Group77" 1 1 1 1 1 1 1 1 1 1 1 1 1 1 1 1 1 1 1 1 1 1 1 1 1 1 1 1 1 1
"078_Group78" 1 1 1 1 1 1 1 1 1 1 1 1 1 1 1 1 1 1 1 1 1 1 1 1 1 1 1 1 1 1
"079_Group79" 1 1 1 1 1 1 1 1 1 1 1 1 1 1 1 1 1 1 1 1 1 1 1 1 1 1 1 1 1 1
"080_Group80" 1 1 1 1 1 1 1 1 1 1 1 1 1 1 1 1 1 1 1 1 1 1 1 1 1 1 1 1 1 1
"081_Group81" 1 1 1 1 1 1 1 1 1 1 1 1 1 1 1 1 1 1 1 1 1 1 1 1 1 1 1 1 1 1
"082_Group82" 1 1 1 1 1 1 1 1 1 1 1 1 1 1 1 1 1 1 1 1 1 1 1 1 1 1 1 1 1 1
"083_Group83" 1 1 1 1 1 1 1 1 1 1 1 1 1 1 1 1 1 1 1 1 1 1 1 1 1 1 1 1 1 1
"084_Group84" 1 1 1 1 1 1 1 1 1 1 1 1 1 1 1 1 1 1 1 1 1 1 1 1 1 1 1 1 1 1
"085_Group85" 1 1 1 1 1 1 1 1 1 1 1 1 1 1 1 1 1 1 1 1 1 1 1 1 1 1 1 1 1 1
"086_Group86" 1 1 1 1 1 1 1 1 1 1 1 1 1 1 1 1 1 1 1 1 1 1 1 1 1 1 1 1 1 1
"087_Group87" 1 1 1 1 1 1 1 1 1 1 1 1 1 1 1 1 1 1 1 1 1 1 1 1 1 1 1 1 1 1
"088_Group88" 1 1 1 1 1 1 1 1 1 1 1 1 1 1 1 1 1 1 1 1 1 1 1 1 1 1 1 1 1 1
"089_Group89" 1 1 1 1 1 1 1 1 1 1 1 1 1 1 1 1 1 1 1 1 1 1 1 1 1 1 1 1 1 1
"090_Group90" 1 1 1 1 1 1 1 1 1 1 1 1 1 1 1 1 1 1 1 1 1 1 1 1 1 1 1 1 1 1
"091_Group91" 1 1 1 1 1 1 1 1 1 1 1 1 1 1 1 1 1 1 1 1 1 1 1 1 1 1 1 1 1 1
"092_Group92" 1 1 1 1 1 1 1 1 1 1 1 1 1 1 1 1 1 1 1 1 1 1 1 1 1 1 1 1 1 1
"093_Group93" 1 1 1 1 1 1 1 1 1 1 1 1 1 1 1 1 1 1 1 1 1 1 1 1 1 1 1 1 1 1
"094_Group94" 1 1 1 1 1 1 1 1 1 1 1 1 1 1 1 1 1 1 1 1 1 1 1 1 1 1 1 1 1 1
"095_Group95" 1 1 1 1 1 1 1 1 1 1 1 1 1 1 1 1 1 1 1 1 1 1 1 1 1 1 1 1 1 1

"<<<<<< Number of Samples per Acquisition Interval [1unit=500values] >>>>>>"
Time[m] 2 4 6 8 10 12 14 16 18 20 22 24 26 28 30 32 34 36 38 40 42 44 46 48 50 52 54 56 58 60 
#Samples 2 2 2 2 2 2 2 2 2 2 2 2 2 2 2 2 2 2 2 2 2 2 2 2 2 2 2 2 2 2 

"<<<<<< Average Temperature [°C] >>>>>>"
Time[m] 2 4 6 8 10 12 14 16 18 20 22 24 26 28 30 32 34 36 38 40 42 44 46 48 50 52 54 56 58 60 
Temp[°C] 19.8 19.8 19.8 19.8 19.8 20.0 19.9 20.0 20.0 20.0 19.9 20.0 20.0 20.0 20.0 20.0 20.0 20.0 20.0 20.0 20.0 20.0 20.0 20.0 20.0 20.0 20.0 20.0 20.0 20.0 

"<<<<<< Well Activity >>>>>>"
Well Group/Time[m] 2 4 6 8 10 12 14 16 18 20 22 24 26 28 30 32 34 36 38 40 42 44 46 48 50 52 54 56 58 60
A1 "000_Group0" 9 10 11 3 4 9 1 0 6 3 11 8 8 4 5 5 11 2 0 6 5 1 1 6 11 5 8 7 11 11
B1 "001_Group1" 10 6 12 7 11 11 16 19 11 14 12 15 15 13 14 13 19 13 11 20 29 26 12 4 5 10 8 8 9 20
C1 "002_Group2" 8 7 7 7 14 9 12 12 16 19 20 21 17 10 9 4 11 9 12 17 9 13 12 16 11 10 6 11 11 6
D1 "003_Group3" 9 23 14 12 16 19 20 5 15 13 11 21 18 23 15 13 23 22 15 15 12 15 17 17 14 15 15 12 14 10
E1 "004_Group4" 25 22 21 30 18 20 22 29 15 22 18 15 19 14 14 21 24 13 20 23 17 16 12 15 26 22 19 16 18 21
F1 "005_Group5" 5 18 13 15 12 17 13 9 13 10 7 10 15 19 15 14 15 19 22 20 19 20 19 22 20 15 21 22 15 11
G1 "006_Group6" 14 19 10 10 3 11 13 8 19 18 13 21 24 9 19 19 19 14 8 9 16 3 9 12 15 18 15 16 20 14
H1 "007_Group7" 22 23 23 15 26 11 16 16 14 15 21 20 16 11 10 16 16 13 10 11 22 18 11 12 14 17 12 14 16 16
A2 "008_Group8" 8 6 8 13 21 23 17 7 8 7 10 18 12 14 17 13 14 17 12 9 7 13 15 8 14 9 10 6 11 20
B2 "009_Group9" 7 8 18 8 7 9 16 13 8 9 7 17 13 13 16 21 17 9 16 17 13 12 7 8 7 10 10 10 23 16
C2 "010_Group10" 5 17 11 10 8 14 13 10 12 12 18 15 9 17 22 21 15 19 15 21 23 10 17 20 11 15 17 9 12 11
D2 "011_Group11" 13 18 22 26 15 15 11 24 18 21 18 23 24 18 22 22 25 17 21 23 21 21 27 14 16 25 29 16 14 18
E2 "012_Group12" 21 28 28 22 25 31 28 28 34 32 32 45 29 31 27 22 33 20 26 25 34 33 33 31 32 27 22 17 20 28
F2 "013_Group13" 11 22 14 21 15 27 24 17 30 17 33 21 22 31 21 30 30 23 16 24 26 31 27 19 33 21 27 22 17 20
G2 "014_Group14" 26 37 39 47 31 31 25 18 19 23 29 26 26 28 23 27 23 22 17 15 23 22 20 26 28 26 25 34 23 34
H2 "015_Group15" 48 37 44 42 41 41 37 48 22 29 26 19 27 19 23 25 17 28 30 20 24 16 30 27 29 23 27 29 27 22
A3 "016_Group16" 15 12 9 18 17 10 3 3 3 5 1 7 8 10 9 2 7 5 7 2 1 7 11 16 23 14 12 11 9 8
B3 "017_Group17" 4 8 9 14 8 11 12 12 23 11 11 8 16 8 14 11 15 23 24 14 9 16 14 16 19 20 18 16 22 18
C3 "018_Group18" 3 5 3 11 12 14 15 8 6 7 15 10 15 16 9 16 14 23 14 21 20 16 20 30 19 16 18 19 18 11
D3 "019_Group19" 0 0 0 1 0 0 0 0 0 0 0 0 0 0 0 0 0 0 0 0 0 0 0 0 0 0 0 0 0 0
E3 "020_Group20" 13 24 32 23 26 20 20 20 13 23 20 15 21 19 21 25 16 18 22 20 18 17 24 19 12 15 22 18 21 21
F3 "021_Group21" 5 8 7 20 16 20 13 10 11 16 15 7 12 15 18 16 15 15 9 15 18 17 12 12 8 10 13 15 18 14
G3 "022_Group22" 22 23 19 13 27 14 12 16 20 25 14 17 13 17 17 24 18 18 15 25 21 18 25 13 19 20 21 21 14 22
H3 "023_Group23" 34 36 31 25 32 24 22 23 17 17 19 19 19 19 16 14 17 14 18 16 19 16 17 15 18 17 11 21 23 15
A4 "024_Group24" 9 5 7 7 19 6 11 2 1 1 3 5 8 0 1 3 1 2 1 4 21 12 18 18 24 22 14 13 11 13
B4 "025_Group25" 2 5 7 9 7 8 8 6 13 19 24 16 10 6 3 12 18 14 11 12 15 14 9 17 14 12 9 16 17 10
C4 "026_Group26" 4 6 6 7 2 12 6 9 9 11 24 14 19 12 14 21 17 16 18 15 19 14 21 12 14 18 22 13 28 23
D4 "027_Group27" 20 14 15 17 20 17 10 17 14 15 11 15 19 19 14 17 12 18 24 17 16 11 21 17 13 22 22 15 20 11
E4 "028_Group28" 32 24 23 20 16 24 23 24 26 19 18 18 14 15 15 16 16 20 21 19 18 18 21 23 19 15 20 20 22 16
F4 "029_Group29" 13 14 20 16 25 21 21 20 24 16 15 18 20 18 21 18 13 10 23 22 25 12 16 19 20 23 17 23 15 10
G4 "030_Group30" 22 27 25 24 12 16 20 24 17 15 23 20 22 19 19 26 24 25 15 23 21 19 21 24 23 21 20 25 22 22
H4 "031_Group31" 30 32 36 33 31 25 31 21 22 29 28 22 27 16 20 24 18 17 23 21 18 19 20 30 13 21 22 20 21 12
A5 "032_Group32" 5 11 9 18 14 11 1 13 17 10 10 3 2 9 7 6 2 7 9 7 14 15 20 25 20 16 12 19 18 15
B5 "033_Group33" 2 5 3 9 11 9 14 10 7 8 13 11 7 16 10 13 18 21 24 20 10 10 21 19 12 12 12 9 12 9
C5 "034_Group34" 4 12 13 13 9 8 13 10 8 8 12 14 13 13 14 15 13 14 20 17 29 19 18 22 23 20 16 15 19 24
D5 "035_Group35" 12 15 16 11 15 13 13 14 14 13 14 14 11 13 15 19 16 22 11 14 13 12 16 17 11 14 15 15 11 13
E5 "036_Group36" 19 18 22 20 16 13 24 21 25 20 23 15 22 26 22 13 24 18 25 25 24 18 26 15 29 24 14 13 21 25
F5 "037_Group37" 7 12 13 13 23 14 13 14 11 17 22 18 17 19 19 19 19 20 16 16 13 14 19 21 16 14 12 19 13 12
G5 "038_Group38" 23 17 25 26 22 28 27 21 17 30 28 22 25 33 24 22 23 27 20 26 25 28 16 22 25 34 27 23 29 26
H5 "039_Group39" 40 34 41 34 22 22 19 24 20 17 20 25 24 18 22 26 26 22 15 25 20 26 15 17 20 18 18 19 32 17
A6 "040_Group40" 10 20 17 10 21 9 7 13 15 15 10 3 3 9 12 5 18 4 11 6 15 21 20 13 14 22 19 22 20 13
B6 "041_Group41" 8 17 24 18 13 8 17 21 11 7 8 18 17 24 16 15 8 17 26 14 14 17 12 15 8 7 4 3 14 15
C6 "042_Group42" 4 4 3 8 11 11 10 14 12 15 13 8 5 15 11 9 15 18 15 17 18 13 14 21 20 21 18 19 14 12
D6 "043_Group43" 10 14 16 20 20 15 22 18 10 21 17 17 13 13 13 12 20 16 20 15 14 19 17 15 14 10 20 15 16 12
E6 "044_Group44" 28 17 24 23 19 16 21 17 11 10 15 16 18 23 21 21 19 17 17 18 21 20 17 18 18 13 18 15 19 18
F6 "045_Group45" 8 21 19 19 22 15 25 18 14 16 13 20 16 17 11 14 19 16 20 20 31 20 21 14 19 23 23 24 13 16
G6 "046_Group46" 14 16 23 22 11 30 21 28 15 18 21 20 23 18 28 17 24 16 24 23 13 21 16 16 21 24 23 23 16 16
H6 "047_Group47" 45 30 36 38 37 31 38 20 24 17 27 21 27 20 29 34 21 15 21 30 30 33 29 20 20 23 27 20 23 17
A7 "048_Group48" 13 11 3 2 0 0 1 3 1 0 0 1 3 3 7 9 0 4 1 5 5 7 5 4 10 2 6 7 8 8
B7 "049_Group49" 7 12 16 21 16 8 15 10 12 11 14 17 8 14 16 10 17 17 7 10 9 13 14 14 17 13 14 22 13 13
C7 "050_Group50" 11 13 22 18 12 7 14 18 14 14 14 16 16 13 15 11 11 7 8 8 8 6 9 4 7 8 9 20 13 13
D7 "051_Group51" 16 19 18 12 17 18 15 13 18 21 19 24 16 10 12 17 12 15 15 16 14 18 14 18 12 13 14 20 12 9
E7 "052_Group52" 18 16 26 16 26 20 17 18 21 18 18 20 18 25 18 23 23 17 15 23 23 17 21 16 20 18 17 17 16 14
F7 "053_Group53" 17 25 16 20 21 16 17 25 21 21 14 17 20 16 20 16 19 23 18 22 18 19 18 15 15 14 23 21 12 11
G7 "054_Group54" 13 21 18 24 18 26 16 21 25 23 15 18 27 21 18 26 21 33 26 25 23 14 32 17 21 24 26 21 24 29
H7 "055_Group55" 0 0 0 0 0 0 0 0 0 0 0 0 0 0 0 0 0 0 0 0 0 0 0 0 0 0 0 0 0 0
A8 "056_Group56" 10 13 7 5 3 6 14 14 7 10 10 12 14 11 9 19 5 8 6 14 18 14 10 14 14 11 6 6 6 6
B8 "057_Group57" 10 8 10 19 13 14 17 17 14 18 18 19 22 15 23 20 25 26 20 24 27 18 14 16 15 12 16 14 8 15
C8 "058_Group58" 12 19 8 13 10 19 17 13 19 11 19 16 13 10 8 15 17 21 13 17 16 16 16 12 16 12 14 15 17 16
D8 "059_Group59" 11 9 9 10 14 11 15 18 13 19 21 23 22 26 21 19 22 20 19 18 19 22 20 15 17 12 11 19 16 13
E8 "060_Group60" 20 28 31 37 28 24 27 38 33 29 25 21 13 19 14 14 23 17 20 24 19 20 26 24 22 16 20 17 21 20
F8 "061_Group61" 11 12 28 23 27 33 27 28 36 26 23 21 20 20 32 22 24 21 27 25 29 12 13 15 19 33 22 25 23 21
G8 "062_Group62" 30 33 34 42 36 45 25 21 19 22 17 23 18 15 19 19 26 24 27 26 26 26 14 30 23 26 21 22 26 24
H8 "063_Group63" 41 38 46 30 22 17 25 26 32 18 21 26 18 22 19 27 18 22 22 23 27 30 27 19 18 24 17 22 17 19
A9 "064_Group64" 13 7 11 5 2 7 4 2 2 3 7 3 6 6 3 3 0 6 1 5 1 6 3 2 10 6 11 11 8 10
B9 "065_Group65" 4 6 8 5 3 7 8 5 9 11 11 6 5 14 9 13 7 14 12 7 12 7 16 7 8 8 8 14 12 9
C9 "066_Group66" 5 9 13 15 10 8 12 6 9 8 8 11 9 8 8 8 8 8 13 10 9 18 14 14 9 8 10 13 15 13
D9 "067_Group67" 11 9 12 14 13 14 14 15 9 10 16 11 14 12 10 20 12 15 12 11 18 19 22 10 15 12 15 18 14 13
E9 "068_Group68" 24 24 34 23 20 16 20 22 21 22 23 25 31 13 12 16 13 23 17 22 15 27 16 19 15 18 16 26 27 23
F9 "069_Group69" 7 20 14 14 20 21 21 22 14 16 20 15 17 10 12 13 12 26 22 16 15 20 18 21 21 20 20 25 19 16
G9 "070_Group70" 14 28 13 12 21 22 14 34 28 19 16 18 16 18 22 20 16 17 21 18 12 11 26 24 20 16 13 17 12 22
H9 "071_Group71" 0 0 0 0 0 0 0 0 0 0 0 0 0 0 0 1 0 0 0 0 0 0 0 0 0 0 0 0 0 0
A10 "072_Group72" 5 6 8 11 4 1 0 0 0 0 0 0 0 1 7 12 17 10 11 9 8 7 4 9 10 16 15 10 10 15
B10 "073_Group73" 6 14 20 13 19 16 12 14 13 6 13 8 19 16 7 6 4 11 22 11 24 13 7 7 18 8 4 14 15 19
C10 "074_Group74" 8 6 10 26 11 19 17 18 14 9 5 15 11 17 26 22 14 18 21 21 23 19 27 13 9 15 17 21 15 22
D10 "075_Group75" 16 17 20 18 10 24 10 10 11 8 19 16 13 17 15 9 25 19 15 16 15 16 17 11 16 15 15 12 16 14
E10 "076_Group76" 0 0 0 0 0 0 0 0 0 0 0 0 0 0 0 0 0 0 0 0 0 0 0 0 0 0 0 0 1 0
F10 "077_Group77" 4 10 17 18 13 14 12 10 19 11 16 15 9 16 14 11 14 12 18 13 17 17 23 17 16 17 15 14 22 23
G10 "078_Group78" 25 30 17 27 19 18 19 23 23 23 19 20 18 31 21 19 18 22 18 20 22 23 31 30 17 18 26 21 22 19
H10 "079_Group79" 31 33 29 30 29 26 23 22 20 19 20 20 20 17 17 17 12 24 20 27 29 23 17 13 14 20 17 21 16 8
A11 "080_Group80" 2 0 3 1 0 2 9 0 5 11 16 9 6 7 6 3 5 5 4 8 6 12 13 9 7 6 7 8 7 5
B11 "081_Group81" 1 15 4 12 6 9 7 1 1 1 3 3 3 3 3 4 6 9 5 13 18 5 13 9 8 12 11 6 9 14
C11 "082_Group82" 9 5 9 12 10 12 8 12 9 6 5 3 7 6 9 10 15 10 10 11 13 12 14 19 10 7 12 17 14 14
D11 "083_Group83" 9 14 18 6 13 16 17 18 16 17 12 12 18 13 12 13 16 13 12 15 19 15 17 13 16 12 21 15 10 15
E11 "084_Group84" 16 19 27 20 20 12 20 19 23 18 21 15 19 16 16 22 14 23 19 25 19 25 25 14 18 17 18 13 19 15
F11 "085_Group85" 6 18 19 21 20 16 27 15 18 17 14 7 15 14 22 19 13 22 27 19 19 22 18 20 22 16 14 16 15 25
G11 "086_Group86" 16 24 21 19 31 21 12 23 23 23 28 20 16 22 13 20 23 19 14 18 16 17 15 12 11 12 18 14 20 18
H11 "087_Group87" 18 17 21 21 15 26 13 15 24 18 17 12 19 16 20 17 13 27 18 26 21 19 24 20 18 18 15 22 16 13
A12 "088_Group88" 7 10 7 10 8 10 3 14 5 8 6 3 3 7 5 3 0 1 10 3 5 9 3 5 2 6 1 1 3 7
B12 "089_Group89" 9 14 17 5 10 8 14 17 11 12 9 16 17 17 8 12 21 15 6 8 8 7 10 11 4 5 12 11 11 5
C12 "090_Group90" 13 12 5 3 12 9 7 11 17 8 18 19 10 20 6 22 18 9 12 16 12 14 11 15 13 9 16 11 12 17
D12 "091_Group91" 14 24 12 10 17 19 15 27 19 19 14 14 25 29 15 22 19 15 18 18 21 23 17 16 13 18 23 13 19 22
E12 "092_Group92" 19 24 28 23 24 24 19 16 17 22 22 15 20 20 17 20 10 16 22 21 14 18 20 18 19 19 20 13 18 20
F12 "093_Group93" 11 14 28 21 15 17 18 21 30 17 18 27 21 21 19 23 23 22 21 16 20 23 19 28 16 18 27 18 32 32
G12 "094_Group94" 17 15 16 19 13 21 23 15 9 19 15 21 24 12 13 18 18 17 16 10 7 23 16 22 18 18 25 28 17 24
H12 "095_Group95" 35 35 31 30 30 32 28 17 23 23 32 26 23 25 25 20 26 22 25 18 28 19 41 29 22 30 32 27 25 24

"<<<<<< Channel Activity >>>>>>"
Channel Well Group/Time[m] 2 4 6 8 10 12 14 16 18 20 22 24 26 28 30 32 34 36 38 40 42 44 46 48 50 52 54 56 58 60
CH0 A1.0 "000_Group0" 9 10 11 3 4 9 1 0 6 3 11 8 8 4 5 5 11 2 0 6 5 1 1 6 11 5 8 7 11 11
CH2 B1.0 "001_Group1" 10 6 12 7 11 11 16 19 11 14 12 15 15 13 14 13 19 13 11 20 29 26 12 4 5 10 8 8 9 20
CH4 C1.0 "002_Group2" 8 7 7 7 14 9 12 12 16 19 20 21 17 10 9 4 11 9 12 17 9 13 12 16 11 10 6 11 11 6
CH6 D1.0 "003_Group3" 9 23 14 12 16 19 20 5 15 13 11 21 18 23 15 13 23 22 15 15 12 15 17 17 14 15 15 12 14 10
CH8 E1.0 "004_Group4" 25 22 21 30 18 20 22 29 15 22 18 15 19 14 14 21 24 13 20 23 17 16 12 15 26 22 19 16 18 21
CH10 F1.0 "005_Group5" 5 18 13 15 12 17 13 9 13 10 7 10 15 19 15 14 15 19 22 20 19 20 19 22 20 15 21 22 15 11
CH12 G1.0 "006_Group6" 14 19 10 10 3 11 13 8 19 18 13 21 24 9 19 19 19 14 8 9 16 3 9 12 15 18 15 16 20 14
CH14 H1.0 "007_Group7" 22 23 23 15 26 11 16 16 14 15 21 20 16 11 10 16 16 13 10 11 22 18 11 12 14 17 12 14 16 16
CH32 A2.0 "008_Group8" 8 6 8 13 21 23 17 7 8 7 10 18 12 14 17 13 14 17 12 9 7 13 15 8 14 9 10 6 11 20
CH34 B2.0 "009_Group9" 7 8 18 8 7 9 16 13 8 9 7 17 13 13 16 21 17 9 16 17 13 12 7 8 7 10 10 10 23 16
CH36 C2.0 "010_Group10" 5 17 11 10 8 14 13 10 12 12 18 15 9 17 22 21 15 19 15 21 23 10 17 20 11 15 17 9 12 11
CH38 D2.0 "011_Group11" 13 18 22 26 15 15 11 24 18 21 18 23 24 18 22 22 25 17 21 23 21 21 27 14 16 25 29 16 14 18
CH40 E2.0 "012_Group12" 21 28 28 22 25 31 28 28 34 32 32 45 29 31 27 22 33 20 26 25 34 33 33 31 32 27 22 17 20 28
CH42 F2.0 "013_Group13" 11 22 14 21 15 27 24 17 30 17 33 21 22 31 21 30 30 23 16 24 26 31 27 19 33 21 27 22 17 20
CH44 G2.0 "014_Group14" 26 37 39 47 31 31 25 18 19 23 29 26 26 28 23 27 23 22 17 15 23 22 20 26 28 26 25 34 23 34
CH46 H2.0 "015_Group15" 48 37 44 42 41 41 37 48 22 29 26 19 27 19 23 25 17 28 30 20 24 16 30 27 29 23 27 29 27 22
CH64 A3.0 "016_Group16" 15 12 9 18 17 10 3 3 3 5 1 7 8 10 9 2 7 5 7 2 1 7 11 16 23 14 12 11 9 8
CH66 B3.0 "017_Group17" 4 8 9 14 8 11 12 12 23 11 11 8 16 8 14 11 15 23 24 14 9 16 14 16 19 20 18 16 22 18
CH68 C3.0 "018_Group18" 3 5 3 11 12 14 15 8 6 7 15 10 15 16 9 16 14 23 14 21 20 16 20 30 19 16 18 19 18 11
CH70 D3.0 "019_Group19" 0 0 0 1 0 0 0 0 0 0 0 0 0 0 0 0 0 0 0 0 0 0 0 0 0 0 0 0 0 0
CH72 E3.0 "020_Group20" 13 24 32 23 26 20 20 20 13 23 20 15 21 19 21 25 16 18 22 20 18 17 24 19 12 15 22 18 21 21
CH74 F3.0 "021_Group21" 5 8 7 20 16 20 13 10 11 16 15 7 12 15 18 16 15 15 9 15 18 17 12 12 8 10 13 15 18 14
CH76 G3.0 "022_Group22" 22 23 19 13 27 14 12 16 20 25 14 17 13 17 17 24 18 18 15 25 21 18 25 13 19 20 21 21 14 22
CH78 H3.0 "023_Group23" 34 36 31 25 32 24 22 23 17 17 19 19 19 19 16 14 17 14 18 16 19 16 17 15 18 17 11 21 23 15
CH96 A4.0 "024_Group24" 9 5 7 7 19 6 11 2 1 1 3 5 8 0 1 3 1 2 1 4 21 12 18 18 24 22 14 13 11 13
CH98 B4.0 "025_Group25" 2 5 7 9 7 8 8 6 13 19 24 16 10 6 3 12 18 14 11 12 15 14 9 17 14 12 9 16 17 10
CH100 C4.0 "026_Group26" 4 6 6 7 2 12 6 9 9 11 24 14 19 12 14 21 17 16 18 15 19 14 21 12 14 18 22 13 28 23
CH102 D4.0 "027_Group27" 20 14 15 17 20 17 10 17 14 15 11 15 19 19 14 17 12 18 24 17 16 11 21 17 13 22 22 15 20 11
CH104 E4.0 "028_Group28" 32 24 23 20 16 24 23 24 26 19 18 18 14 15 15 16 16 20 21 19 18 18 21 23 19 15 20 20 22 16
CH106 F4.0 "029_Group29" 13 14 20 16 25 21 21 20 24 16 15 18 20 18 21 18 13 10 23 22 25 12 16 19 20 23 17 23 15 10
CH108 G4.0 "030_Group30" 22 27 25 24 12 16 20 24 17 15 23 20 22 19 19 26 24 25 15 23 21 19 21 24 23 21 20 25 22 22
CH110 H4.0 "031_Group31" 30 32 36 33 31 25 31 21 22 29 28 22 27 16 20 24 18 17 23 21 18 19 20 30 13 21 22 20 21 12
CH128 A5.0 "032_Group32" 5 11 9 18 14 11 1 13 17 10 10 3 2 9 7 6 2 7 9 7 14 15 20 25 20 16 12 19 18 15
CH130 B5.0 "033_Group33" 2 5 3 9 11 9 14 10 7 8 13 11 7 16 10 13 18 21 24 20 10 10 21 19 12 12 12 9 12 9
CH132 C5.0 "034_Group34" 4 12 13 13 9 8 13 10 8 8 12 14 13 13 14 15 13 14 20 17 29 19 18 22 23 20 16 15 19 24
CH134 D5.0 "035_Group35" 12 15 16 11 15 13 13 14 14 13 14 14 11 13 15 19 16 22 11 14 13 12 16 17 11 14 15 15 11 13
CH136 E5.0 "036_Group36" 19 18 22 20 16 13 24 21 25 20 23 15 22 26 22 13 24 18 25 25 24 18 26 15 29 24 14 13 21 25
CH138 F5.0 "037_Group37" 7 12 13 13 23 14 13 14 11 17 22 18 17 19 19 19 19 20 16 16 13 14 19 21 16 14 12 19 13 12
CH140 G5.0 "038_Group38" 23 17 25 26 22 28 27 21 17 30 28 22 25 33 24 22 23 27 20 26 25 28 16 22 25 34 27 23 29 26
CH142 H5.0 "039_Group39" 40 34 41 34 22 22 19 24 20 17 20 25 24 18 22 26 26 22 15 25 20 26 15 17 20 18 18 19 32 17
CH160 A6.0 "040_Group40" 10 20 17 10 21 9 7 13 15 15 10 3 3 9 12 5 18 4 11 6 15 21 20 13 14 22 19 22 20 13
CH162 B6.0 "041_Group41" 8 17 24 18 13 8 17 21 11 7 8 18 17 24 16 15 8 17 26 14 14 17 12 15 8 7 4 3 14 15
CH164 C6.0 "042_Group42" 4 4 3 8 11 11 10 14 12 15 13 8 5 15 11 9 15 18 15 17 18 13 14 21 20 21 18 19 14 12
CH166 D6.0 "043_Group43" 10 14 16 20 20 15 22 18 10 21 17 17 13 13 13 12 20 16 20 15 14 19 17 15 14 10 20 15 16 12
CH168 E6.0 "044_Group44" 28 17 24 23 19 16 21 17 11 10 15 16 18 23 21 21 19 17 17 18 21 20 17 18 18 13 18 15 19 18
CH170 F6.0 "045_Group45" 8 21 19 19 22 15 25 18 14 16 13 20 16 17 11 14 19 16 20 20 31 20 21 14 19 23 23 24 13 16
CH172 G6.0 "046_Group46" 14 16 23 22 11 30 21 28 15 18 21 20 23 18 28 17 24 16 24 23 13 21 16 16 21 24 23 23 16 16
CH174 H6.0 "047_Group47" 45 30 36 38 37 31 38 20 24 17 27 21 27 20 29 34 21 15 21 30 30 33 29 20 20 23 27 20 23 17
CH192 A7.0 "048_Group48" 13 11 3 2 0 0 1 3 1 0 0 1 3 3 7 9 0 4 1 5 5 7 5 4 10 2 6 7 8 8
CH194 B7.0 "049_Group49" 7 12 16 21 16 8 15 10 12 11 14 17 8 14 16 10 17 17 7 10 9 13 14 14 17 13 14 22 13 13
CH196 C7.0 "050_Group50" 11 13 22 18 12 7 14 18 14 14 14 16 16 13 15 11 11 7 8 8 8 6 9 4 7 8 9 20 13 13
CH198 D7.0 "051_Group51" 16 19 18 12 17 18 15 13 18 21 19 24 16 10 12 17 12 15 15 16 14 18 14 18 12 13 14 20 12 9
CH200 E7.0 "052_Group52" 18 16 26 16 26 20 17 18 21 18 18 20 18 25 18 23 23 17 15 23 23 17 21 16 20 18 17 17 16 14
CH202 F7.0 "053_Group53" 17 25 16 20 21 16 17 25 21 21 14 17 20 16 20 16 19 23 18 22 18 19 18 15 15 14 23 21 12 11
CH204 G7.0 "054_Group54" 13 21 18 24 18 26 16 21 25 23 15 18 27 21 18 26 21 33 26 25 23 14 32 17 21 24 26 21 24 29
CH206 H7.0 "055_Group55" 0 0 0 0 0 0 0 0 0 0 0 0 0 0 0 0 0 0 0 0 0 0 0 0 0 0 0 0 0 0
CH224 A8.0 "056_Group56" 10 13 7 5 3 6 14 14 7 10 10 12 14 11 9 19 5 8 6 14 18 14 10 14 14 11 6 6 6 6
CH226 B8.0 "057_Group57" 10 8 10 19 13 14 17 17 14 18 18 19 22 15 23 20 25 26 20 24 27 18 14 16 15 12 16 14 8 15
CH228 C8.0 "058_Group58" 12 19 8 13 10 19 17 13 19 11 19 16 13 10 8 15 17 21 13 17 16 16 16 12 16 12 14 15 17 16
CH230 D8.0 "059_Group59" 11 9 9 10 14 11 15 18 13 19 21 23 22 26 21 19 22 20 19 18 19 22 20 15 17 12 11 19 16 13
CH232 E8.0 "060_Group60" 20 28 31 37 28 24 27 38 33 29 25 21 13 19 14 14 23 17 20 24 19 20 26 24 22 16 20 17 21 20
CH234 F8.0 "061_Group61" 11 12 28 23 27 33 27 28 36 26 23 21 20 20 32 22 24 21 27 25 29 12 13 15 19 33 22 25 23 21
CH236 G8.0 "062_Group62" 30 33 34 42 36 45 25 21 19 22 17 23 18 15 19 19 26 24 27 26 26 26 14 30 23 26 21 22 26 24
CH238 H8.0 "063_Group63" 41 38 46 30 22 17 25 26 32 18 21 26 18 22 19 27 18 22 22 23 27 30 27 19 18 24 17 22 17 19
CH256 A9.0 "064_Group64" 13 7 11 5 2 7 4 2 2 3 7 3 6 6 3 3 0 6 1 5 1 6 3 2 10 6 11 11 8 10
CH258 B9.0 "065_Group65" 4 6 8 5 3 7 8 5 9 11 11 6 5 14 9 13 7 14 12 7 12 7 16 7 8 8 8 14 12 9
CH260 C9.0 "066_Group66" 5 9 13 15 10 8 12 6 9 8 8 11 9 8 8 8 8 8 13 10 9 18 14 14 9 8 10 13 15 13
CH262 D9.0 "067_Group67" 11 9 12 14 13 14 14 15 9 10 16 11 14 12 10 20 12 15 12 11 18 19 22 10 15 12 15 18 14 13
CH264 E9.0 "068_Group68" 24 24 34 23 20 16 20 22 21 22 23 25 31 13 12 16 13 23 17 22 15 27 16 19 15 18 16 26 27 23
CH266 F9.0 "069_Group69" 7 20 14 14 20 21 21 22 14 16 20 15 17 10 12 13 12 26 22 16 15 20 18 21 21 20 20 25 19 16
CH268 G9.0 "070_Group70" 14 28 13 12 21 22 14 34 28 19 16 18 16 18 22 20 16 17 21 18 12 11 26 24 20 16 13 17 12 22
CH270 H9.0 "071_Group71" 0 0 0 0 0 0 0 0 0 0 0 0 0 0 0 1 0 0 0 0 0 0 0 0 0 0 0 0 0 0
CH288 A10.0 "072_Group72" 5 6 8 11 4 1 0 0 0 0 0 0 0 1 7 12 17 10 11 9 8 7 4 9 10 16 15 10 10 15
CH290 B10.0 "073_Group73" 6 14 20 13 19 16 12 14 13 6 13 8 19 16 7 6 4 11 22 11 24 13 7 7 18 8 4 14 15 19
CH292 C10.0 "074_Group74" 8 6 10 26 11 19 17 18 14 9 5 15 11 17 26 22 14 18 21 21 23 19 27 13 9 15 17 21 15 22
CH294 D10.0 "075_Group75" 16 17 20 18 10 24 10 10 11 8 19 16 13 17 15 9 25 19 15 16 15 16 17 11 16 15 15 12 16 14
CH296 E10.0 "076_Group76" 0 0 0 0 0 0 0 0 0 0 0 0 0 0 0 0 0 0 0 0 0 0 0 0 0 0 0 0 1 0
CH298 F10.0 "077_Group77" 4 10 17 18 13 14 12 10 19 11 16 15 9 16 14 11 14 12 18 13 17 17 23 17 16 17 15 14 22 23
CH300 G10.0 "078_Group78" 25 30 17 27 19 18 19 23 23 23 19 20 18 31 21 19 18 22 18 20 22 23 31 30 17 18 26 21 22 19
CH302 H10.0 "079_Group79" 31 33 29 30 29 26 23 22 20 19 20 20 20 17 17 17 12 24 20 27 29 23 17 13 14 20 17 21 16 8
CH320 A11.0 "080_Group80" 2 0 3 1 0 2 9 0 5 11 16 9 6 7 6 3 5 5 4 8 6 12 13 9 7 6 7 8 7 5
CH322 B11.0 "081_Group81" 1 15 4 12 6 9 7 1 1 1 3 3 3 3 3 4 6 9 5 13 18 5 13 9 8 12 11 6 9 14
CH324 C11.0 "082_Group82" 9 5 9 12 10 12 8 12 9 6 5 3 7 6 9 10 15 10 10 11 13 12 14 19 10 7 12 17 14 14
CH326 D11.0 "083_Group83" 9 14 18 6 13 16 17 18 16 17 12 12 18 13 12 13 16 13 12 15 19 15 17 13 16 12 21 15 10 15
CH328 E11.0 "084_Group84" 16 19 27 20 20 12 20 19 23 18 21 15 19 16 16 22 14 23 19 25 19 25 25 14 18 17 18 13 19 15
CH330 F11.0 "085_Group85" 6 18 19 21 20 16 27 15 18 17 14 7 15 14 22 19 13 22 27 19 19 22 18 20 22 16 14 16 15 25
CH332 G11.0 "086_Group86" 16 24 21 19 31 21 12 23 23 23 28 20 16 22 13 20 23 19 14 18 16 17 15 12 11 12 18 14 20 18
CH334 H11.0 "087_Group87" 18 17 21 21 15 26 13 15 24 18 17 12 19 16 20 17 13 27 18 26 21 19 24 20 18 18 15 22 16 13
CH352 A12.0 "088_Group88" 7 10 7 10 8 10 3 14 5 8 6 3 3 7 5 3 0 1 10 3 5 9 3 5 2 6 1 1 3 7
CH354 B12.0 "089_Group89" 9 14 17 5 10 8 14 17 11 12 9 16 17 17 8 12 21 15 6 8 8 7 10 11 4 5 12 11 11 5
CH356 C12.0 "090_Group90" 13 12 5 3 12 9 7 11 17 8 18 19 10 20 6 22 18 9 12 16 12 14 11 15 13 9 16 11 12 17
CH358 D12.0 "091_Group91" 14 24 12 10 17 19 15 27 19 19 14 14 25 29 15 22 19 15 18 18 21 23 17 16 13 18 23 13 19 22
CH360 E12.0 "092_Group92" 19 24 28 23 24 24 19 16 17 22 22 15 20 20 17 20 10 16 22 21 14 18 20 18 19 19 20 13 18 20
CH362 F12.0 "093_Group93" 11 14 28 21 15 17 18 21 30 17 18 27 21 21 19 23 23 22 21 16 20 23 19 28 16 18 27 18 32 32
CH364 G12.0 "094_Group94" 17 15 16 19 13 21 23 15 9 19 15 21 24 12 13 18 18 17 16 10 7 23 16 22 18 18 25 28 17 24
CH366 H12.0 "095_Group95" 35 35 31 30 30 32 28 17 23 23 32 26 23 25 25 20 26 22 25 18 28 19 41 29 22 30 32 27 25 24
