"DATE:" "3/2/2015 4:15:45 PM"
"FILE:" "C:\Users\AndersenLab\Desktop\wmicrotracker\p00011\20150302_1514"
"SUBPROJECT:" "20150302_thiabendazole"

"<<<<<< Group Activity: Average Activity Counts per Data Interval>>>>>>"
Group/Time[m] 2 4 6 8 10 12 14 16 18 20 22 24 26 28 30 32 34 36 38 40 42 44 46 48 50 52 54 56 58 60
"000_Group0" 15 21 24 22 13 19 27 24 27 24 22 21 23 22 18 29 27 24 21 25 16 18 18 24 21 25 30 26 17 27
"001_Group1" 16 24 20 23 16 25 27 25 26 25 27 16 27 23 19 16 21 17 28 22 19 17 17 15 27 21 21 20 16 28
"002_Group2" 13 22 35 24 25 30 22 30 32 23 16 24 31 25 36 26 39 17 26 27 25 16 12 23 25 18 19 21 20 24
"003_Group3" 19 29 18 29 21 14 23 22 15 22 24 23 27 20 31 26 14 13 25 23 18 10 26 17 15 22 18 17 10 20
"004_Group4" 27 20 15 22 22 16 23 21 26 32 23 26 24 20 33 33 25 18 17 27 23 18 23 16 16 19 13 20 19 23
"005_Group5" 14 19 20 9 12 18 13 15 14 15 25 21 31 37 29 24 23 30 24 20 22 15 17 18 27 20 14 13 15 17
"006_Group6" 36 31 23 14 20 10 14 15 15 16 23 28 23 31 27 28 22 16 17 25 27 26 24 16 12 10 14 24 8 9
"007_Group7" 26 29 28 16 11 19 21 7 17 26 28 27 20 22 16 19 16 17 7 19 20 20 19 15 25 9 19 19 21 24
"008_Group8" 25 24 27 20 20 24 26 19 25 31 20 26 17 22 30 28 28 26 21 24 24 27 22 23 21 15 28 24 23 20
"009_Group9" 26 28 19 15 18 24 22 20 25 27 25 15 21 16 18 20 25 18 18 10 22 17 18 18 16 15 14 18 23 25
"010_Group10" 29 40 23 21 31 15 18 16 24 23 20 16 21 18 19 21 23 25 28 20 19 21 25 25 21 22 27 23 18 21
"011_Group11" 21 23 18 23 24 23 22 21 21 18 23 24 22 14 24 29 20 25 22 27 20 27 27 16 26 26 21 30 25 30
"012_Group12" 8 19 24 23 25 23 26 29 31 23 31 27 19 20 24 20 18 17 10 24 28 25 21 15 22 22 20 23 28 22
"013_Group13" 13 22 20 19 20 18 7 23 15 18 20 18 20 15 26 21 18 31 18 21 36 30 27 15 19 29 23 28 19 24
"014_Group14" 12 13 20 21 13 10 17 26 19 20 20 24 25 27 20 15 15 20 23 21 23 26 21 18 27 31 21 28 27 16
"015_Group15" 25 20 21 17 16 13 14 19 22 24 20 24 22 14 23 18 20 17 18 25 25 31 22 22 23 16 25 24 18 9
"016_Group16" 11 28 27 16 13 13 26 25 23 24 29 41 30 35 36 24 27 24 23 38 26 39 28 26 36 44 31 39 35 36
"017_Group17" 42 12 27 38 33 22 15 18 31 24 31 34 33 26 27 25 21 23 25 26 50 38 35 37 34 41 26 25 23 27
"018_Group18" 35 22 28 31 24 29 25 27 36 33 27 26 27 11 20 28 25 25 22 22 29 24 24 33 25 28 19 30 23 24
"019_Group19" 46 38 44 27 44 32 32 21 34 34 45 34 38 32 26 24 30 29 18 15 21 14 18 17 30 29 23 22 26 30
"020_Group20" 26 38 31 36 37 43 27 39 35 18 32 37 33 33 35 37 45 28 23 26 25 33 28 36 24 18 18 26 19 21
"021_Group21" 7 17 22 24 33 27 30 23 29 33 41 31 31 28 27 31 30 30 36 26 18 16 25 29 13 18 32 31 35 31
"022_Group22" 12 27 33 36 33 37 32 20 21 14 21 31 30 26 20 12 25 38 30 38 34 30 47 35 21 26 31 22 30 40
"023_Group23" 38 35 36 34 55 43 28 15 34 45 27 34 33 31 19 29 30 20 25 24 24 25 21 23 17 20 22 12 13 15
"024_Group24" 15 21 22 21 19 19 16 21 17 30 22 25 19 26 20 23 20 16 24 29 26 22 16 27 23 29 21 23 27 28
"025_Group25" 18 27 25 23 25 16 11 14 19 29 28 25 23 25 18 29 20 24 23 27 38 25 34 19 11 21 20 24 22 23
"026_Group26" 16 21 21 22 14 19 17 24 15 22 19 35 28 29 25 21 21 26 23 24 25 20 20 16 11 11 20 15 20 22
"027_Group27" 34 25 28 26 25 20 19 23 23 16 21 21 23 18 17 26 20 23 31 20 22 13 14 23 18 14 17 18 14 18
"028_Group28" 16 21 17 25 23 28 25 22 25 27 24 27 19 14 21 16 23 19 18 17 19 26 19 23 25 20 17 28 21 19
"029_Group29" 3 16 11 21 30 22 22 23 30 27 20 18 18 22 18 21 27 20 18 25 26 26 27 25 17 18 19 14 22 21
"030_Group30" 8 25 20 16 9 16 27 21 20 11 26 17 22 25 23 26 30 19 23 28 21 15 26 28 30 23 27 20 21 14
"031_Group31" 19 29 28 28 30 19 21 19 26 31 22 12 16 20 20 23 23 17 18 21 16 18 13 17 23 22 14 16 18 20
"032_Group32" 42 35 29 35 35 47 29 41 42 30 33 37 36 32 26 24 35 37 32 32 37 32 25 41 30 26 34 24 33 18
"033_Group33" 24 42 55 49 28 47 30 32 29 39 36 30 29 35 27 23 24 28 33 29 26 32 32 24 28 19 19 24 13 26
"034_Group34" 27 41 49 37 30 27 32 33 48 34 38 25 34 27 39 30 37 33 26 23 37 40 39 42 27 33 42 41 23 19
"035_Group35" 38 41 47 34 39 33 43 49 29 35 47 34 35 24 33 25 32 35 16 14 23 27 30 34 24 42 28 42 31 24
"036_Group36" 23 34 42 37 43 27 36 35 40 28 39 38 31 27 27 35 40 31 30 19 25 30 30 32 36 34 32 21 28 20
"037_Group37" 31 33 42 36 33 28 32 37 40 33 29 18 31 35 24 38 36 24 24 28 28 14 23 25 25 31 25 21 39 26
"038_Group38" 8 40 25 29 44 39 34 24 29 29 33 31 31 23 29 29 30 33 29 27 21 18 19 25 28 48 26 32 16 21
"039_Group39" 10 26 15 31 23 25 27 17 27 42 29 30 26 33 39 17 26 29 24 26 26 30 23 18 30 24 23 25 31 29
"040_Group40" 30 23 28 31 21 28 25 32 33 37 24 23 34 33 33 31 33 26 22 33 26 29 24 23 24 24 29 37 30 21
"041_Group41" 24 13 26 28 25 30 25 16 20 28 32 21 27 15 19 22 29 28 21 25 34 28 37 36 30 24 20 15 22 18
"042_Group42" 29 44 32 27 18 38 31 26 24 20 24 22 12 23 31 33 19 32 26 25 26 31 25 22 22 27 30 32 26 28
"043_Group43" 25 26 30 25 25 27 22 27 25 34 27 21 33 35 26 31 17 20 25 14 17 28 31 19 24 33 26 28 17 30
"044_Group44" 21 30 32 36 23 12 22 19 16 17 29 21 26 30 36 23 20 18 29 21 22 16 23 29 14 22 25 29 27 31
"045_Group45" 28 31 31 21 13 20 17 18 22 22 27 23 30 27 26 26 31 35 28 20 21 25 24 19 26 23 23 20 33 22
"046_Group46" 25 20 26 16 13 14 22 14 31 28 35 31 32 32 28 29 17 20 15 16 31 24 19 25 18 31 23 25 34 22
"047_Group47" 36 24 16 17 20 18 13 25 28 26 25 27 31 30 33 33 28 17 17 27 30 31 34 31 35 33 30 26 37 41
"048_Group48" 30 39 26 22 22 24 31 35 23 22 28 21 27 40 31 28 23 28 19 19 37 19 25 27 18 14 25 26 30 34
"049_Group49" 19 14 21 22 30 38 34 30 22 30 29 29 29 29 25 44 38 33 39 34 20 22 27 24 27 21 23 21 26 25
"050_Group50" 30 27 26 25 26 22 31 28 34 30 27 29 25 23 20 18 27 19 30 21 22 24 30 31 30 29 29 32 28 30
"051_Group51" 28 32 27 19 35 38 29 22 33 35 22 19 26 14 22 26 21 29 42 37 31 22 18 29 20 22 20 33 30 30
"052_Group52" 23 24 25 31 38 26 28 26 34 25 30 30 24 27 30 26 37 28 27 33 23 27 22 27 25 28 27 20 30 27
"053_Group53" 16 30 38 38 30 22 15 8 11 18 20 23 19 23 18 23 32 32 20 24 35 25 27 15 25 23 18 19 25 30
"054_Group54" 24 14 21 31 24 20 19 22 15 27 26 26 37 33 25 24 21 16 26 24 34 28 22 23 21 19 22 13 17 19
"055_Group55" 27 36 27 34 27 15 21 21 29 24 29 38 36 26 23 31 28 21 32 27 11 30 38 33 33 19 33 30 31 18
"056_Group56" 9 16 29 23 25 29 32 34 23 23 28 36 28 23 20 20 29 22 17 29 29 22 31 17 31 25 23 34 28 25
"057_Group57" 25 29 25 26 22 22 24 19 25 18 29 31 18 15 35 27 25 20 14 18 23 27 20 24 22 36 26 22 22 32
"058_Group58" 0 0 0 0 0 0 0 0 0 0 0 0 0 0 0 0 0 0 0 0 0 0 0 0 0 0 0 0 0 0
"059_Group59" 0 0 0 0 0 0 0 0 0 0 0 0 0 0 0 0 0 0 0 0 0 0 0 0 0 0 0 0 0 0
"060_Group60" 0 0 0 0 0 0 0 0 0 0 0 0 0 0 0 0 0 0 0 0 0 0 0 0 0 0 0 0 0 0
"061_Group61" 0 0 0 0 0 0 0 0 0 0 0 0 0 0 0 0 0 0 0 0 0 0 0 0 0 0 0 0 0 0
"062_Group62" 0 0 0 0 0 0 0 0 0 0 0 0 0 0 0 0 0 0 0 0 0 0 0 0 0 0 0 0 0 0
"063_Group63" 0 0 0 0 0 0 0 0 0 0 0 0 0 0 0 0 0 0 0 0 0 0 0 0 0 0 0 0 0 0
"064_Group64" 15 9 36 29 34 38 30 27 22 26 25 32 23 20 24 29 30 31 28 26 20 28 19 21 27 33 35 20 33 30
"065_Group65" 22 30 26 22 22 27 32 24 36 21 21 21 21 16 22 20 25 27 18 23 24 22 19 30 32 21 28 20 33 28
"066_Group66" 17 14 15 17 22 19 30 24 26 30 22 30 24 25 26 24 32 31 26 30 26 24 33 25 28 21 32 32 26 29
"067_Group67" 23 35 33 39 27 28 21 24 34 28 27 32 24 27 27 26 20 26 18 24 29 32 32 30 20 21 24 23 29 24
"068_Group68" 30 23 30 29 23 34 36 22 15 21 14 17 18 18 17 25 32 29 32 26 28 26 31 26 26 23 26 27 28 25
"069_Group69" 26 33 19 13 12 14 13 20 24 17 19 22 23 21 21 24 18 26 25 26 35 26 20 17 20 24 23 23 23 11
"070_Group70" 31 24 22 21 23 19 18 12 13 21 25 24 29 31 22 20 28 29 34 29 25 16 15 20 26 29 23 35 36 25
"071_Group71" 18 30 22 18 21 24 27 24 27 34 22 25 20 27 26 21 23 31 22 27 34 19 23 23 23 27 23 25 29 19
"072_Group72" 27 32 16 30 22 27 29 40 35 24 32 36 47 46 40 35 31 36 39 39 37 32 34 34 24 24 37 40 30 30
"073_Group73" 34 37 35 28 31 25 40 36 32 35 31 37 31 43 31 30 31 29 37 35 23 29 29 28 22 29 34 26 32 27
"074_Group74" 7 35 29 28 42 39 26 21 33 33 25 28 24 23 42 25 15 24 35 24 28 26 15 30 21 26 33 25 19 19
"075_Group75" 8 42 33 37 27 41 36 33 18 17 20 29 30 21 28 23 53 28 38 25 32 29 21 18 15 20 29 22 21 28
"076_Group76" 12 33 35 38 29 35 32 34 36 39 43 29 27 41 35 19 23 19 28 28 24 26 26 25 15 30 23 24 31 28
"077_Group77" 35 24 30 34 27 15 18 19 14 21 16 28 25 31 34 36 41 31 36 22 22 23 25 26 29 22 20 38 34 28
"078_Group78" 38 32 22 25 21 20 39 35 21 34 26 35 28 36 31 34 21 31 30 30 24 35 32 26 26 25 19 23 30 16
"079_Group79" 27 32 34 34 39 47 40 36 39 32 33 30 30 26 19 22 16 16 17 31 27 10 15 14 24 26 31 34 38 28
"080_Group80" 30 24 21 32 34 21 36 28 22 25 22 23 26 28 30 29 24 25 21 18 32 31 36 34 26 23 16 23 26 22
"081_Group81" 27 30 29 26 24 28 21 28 27 29 25 20 22 26 23 27 28 18 18 23 18 25 18 22 11 35 32 20 18 14
"082_Group82" 25 23 18 19 22 23 25 26 24 18 15 18 20 24 23 22 25 12 18 13 21 17 12 12 23 13 18 19 23 13
"083_Group83" 37 31 21 14 16 16 22 25 25 32 26 24 38 25 26 23 18 26 19 19 32 19 15 14 28 30 23 13 11 17
"084_Group84" 17 27 22 21 28 24 25 23 19 17 31 20 21 24 23 29 24 17 21 29 26 28 28 23 30 20 15 11 12 17
"085_Group85" 10 27 22 25 18 23 31 21 24 23 23 19 15 16 17 27 24 22 19 20 18 28 20 18 17 18 13 15 6 9
"086_Group86" 25 22 25 28 21 17 13 16 17 22 22 25 24 32 34 23 26 27 21 21 16 16 22 18 20 14 23 15 21 26
"087_Group87" 37 31 30 27 29 28 17 20 23 24 20 20 14 14 23 23 21 24 19 18 24 22 12 9 21 12 16 18 15 14
"088_Group88" 15 41 34 24 26 28 36 28 22 24 26 23 24 27 21 24 36 26 31 27 31 29 29 27 29 25 22 25 23 28
"089_Group89" 19 26 24 34 43 23 28 24 29 24 21 25 28 28 22 21 35 20 28 16 16 18 25 13 31 14 31 25 32 21
"090_Group90" 40 31 28 32 25 23 19 20 26 30 21 21 9 17 20 22 18 21 22 19 18 22 27 26 18 10 22 18 17 27
"091_Group91" 25 27 33 24 22 26 31 33 20 29 26 24 22 27 23 15 19 24 20 26 17 12 12 21 16 23 14 20 18 15
"092_Group92" 24 17 20 17 18 26 24 19 23 27 34 27 29 19 23 30 27 15 19 16 17 11 16 17 9 16 18 18 26 12
"093_Group93" 10 19 23 14 19 18 19 18 21 22 23 16 22 24 20 37 25 18 22 20 25 25 14 22 18 7 17 11 15 17
"094_Group94" 19 23 27 31 9 10 11 22 28 25 11 23 16 18 22 23 25 20 18 22 21 19 29 27 15 19 18 17 12 17
"095_Group95" 30 31 24 28 19 25 15 19 24 23 29 22 20 22 29 28 23 32 27 21 14 22 20 22 18 21 19 20 19 18

"<<<<<< Group Activity: Number of wells/group >>>>>>"
Group/Time[m] 2 4 6 8 10 12 14 16 18 20 22 24 26 28 30 32 34 36 38 40 42 44 46 48 50 52 54 56 58 60
"000_Group0" 1 1 1 1 1 1 1 1 1 1 1 1 1 1 1 1 1 1 1 1 1 1 1 1 1 1 1 1 1 1
"001_Group1" 1 1 1 1 1 1 1 1 1 1 1 1 1 1 1 1 1 1 1 1 1 1 1 1 1 1 1 1 1 1
"002_Group2" 1 1 1 1 1 1 1 1 1 1 1 1 1 1 1 1 1 1 1 1 1 1 1 1 1 1 1 1 1 1
"003_Group3" 1 1 1 1 1 1 1 1 1 1 1 1 1 1 1 1 1 1 1 1 1 1 1 1 1 1 1 1 1 1
"004_Group4" 1 1 1 1 1 1 1 1 1 1 1 1 1 1 1 1 1 1 1 1 1 1 1 1 1 1 1 1 1 1
"005_Group5" 1 1 1 1 1 1 1 1 1 1 1 1 1 1 1 1 1 1 1 1 1 1 1 1 1 1 1 1 1 1
"006_Group6" 1 1 1 1 1 1 1 1 1 1 1 1 1 1 1 1 1 1 1 1 1 1 1 1 1 1 1 1 1 1
"007_Group7" 1 1 1 1 1 1 1 1 1 1 1 1 1 1 1 1 1 1 1 1 1 1 1 1 1 1 1 1 1 1
"008_Group8" 1 1 1 1 1 1 1 1 1 1 1 1 1 1 1 1 1 1 1 1 1 1 1 1 1 1 1 1 1 1
"009_Group9" 1 1 1 1 1 1 1 1 1 1 1 1 1 1 1 1 1 1 1 1 1 1 1 1 1 1 1 1 1 1
"010_Group10" 1 1 1 1 1 1 1 1 1 1 1 1 1 1 1 1 1 1 1 1 1 1 1 1 1 1 1 1 1 1
"011_Group11" 1 1 1 1 1 1 1 1 1 1 1 1 1 1 1 1 1 1 1 1 1 1 1 1 1 1 1 1 1 1
"012_Group12" 1 1 1 1 1 1 1 1 1 1 1 1 1 1 1 1 1 1 1 1 1 1 1 1 1 1 1 1 1 1
"013_Group13" 1 1 1 1 1 1 1 1 1 1 1 1 1 1 1 1 1 1 1 1 1 1 1 1 1 1 1 1 1 1
"014_Group14" 1 1 1 1 1 1 1 1 1 1 1 1 1 1 1 1 1 1 1 1 1 1 1 1 1 1 1 1 1 1
"015_Group15" 1 1 1 1 1 1 1 1 1 1 1 1 1 1 1 1 1 1 1 1 1 1 1 1 1 1 1 1 1 1
"016_Group16" 1 1 1 1 1 1 1 1 1 1 1 1 1 1 1 1 1 1 1 1 1 1 1 1 1 1 1 1 1 1
"017_Group17" 1 1 1 1 1 1 1 1 1 1 1 1 1 1 1 1 1 1 1 1 1 1 1 1 1 1 1 1 1 1
"018_Group18" 1 1 1 1 1 1 1 1 1 1 1 1 1 1 1 1 1 1 1 1 1 1 1 1 1 1 1 1 1 1
"019_Group19" 1 1 1 1 1 1 1 1 1 1 1 1 1 1 1 1 1 1 1 1 1 1 1 1 1 1 1 1 1 1
"020_Group20" 1 1 1 1 1 1 1 1 1 1 1 1 1 1 1 1 1 1 1 1 1 1 1 1 1 1 1 1 1 1
"021_Group21" 1 1 1 1 1 1 1 1 1 1 1 1 1 1 1 1 1 1 1 1 1 1 1 1 1 1 1 1 1 1
"022_Group22" 1 1 1 1 1 1 1 1 1 1 1 1 1 1 1 1 1 1 1 1 1 1 1 1 1 1 1 1 1 1
"023_Group23" 1 1 1 1 1 1 1 1 1 1 1 1 1 1 1 1 1 1 1 1 1 1 1 1 1 1 1 1 1 1
"024_Group24" 1 1 1 1 1 1 1 1 1 1 1 1 1 1 1 1 1 1 1 1 1 1 1 1 1 1 1 1 1 1
"025_Group25" 1 1 1 1 1 1 1 1 1 1 1 1 1 1 1 1 1 1 1 1 1 1 1 1 1 1 1 1 1 1
"026_Group26" 1 1 1 1 1 1 1 1 1 1 1 1 1 1 1 1 1 1 1 1 1 1 1 1 1 1 1 1 1 1
"027_Group27" 1 1 1 1 1 1 1 1 1 1 1 1 1 1 1 1 1 1 1 1 1 1 1 1 1 1 1 1 1 1
"028_Group28" 1 1 1 1 1 1 1 1 1 1 1 1 1 1 1 1 1 1 1 1 1 1 1 1 1 1 1 1 1 1
"029_Group29" 1 1 1 1 1 1 1 1 1 1 1 1 1 1 1 1 1 1 1 1 1 1 1 1 1 1 1 1 1 1
"030_Group30" 1 1 1 1 1 1 1 1 1 1 1 1 1 1 1 1 1 1 1 1 1 1 1 1 1 1 1 1 1 1
"031_Group31" 1 1 1 1 1 1 1 1 1 1 1 1 1 1 1 1 1 1 1 1 1 1 1 1 1 1 1 1 1 1
"032_Group32" 1 1 1 1 1 1 1 1 1 1 1 1 1 1 1 1 1 1 1 1 1 1 1 1 1 1 1 1 1 1
"033_Group33" 1 1 1 1 1 1 1 1 1 1 1 1 1 1 1 1 1 1 1 1 1 1 1 1 1 1 1 1 1 1
"034_Group34" 1 1 1 1 1 1 1 1 1 1 1 1 1 1 1 1 1 1 1 1 1 1 1 1 1 1 1 1 1 1
"035_Group35" 1 1 1 1 1 1 1 1 1 1 1 1 1 1 1 1 1 1 1 1 1 1 1 1 1 1 1 1 1 1
"036_Group36" 1 1 1 1 1 1 1 1 1 1 1 1 1 1 1 1 1 1 1 1 1 1 1 1 1 1 1 1 1 1
"037_Group37" 1 1 1 1 1 1 1 1 1 1 1 1 1 1 1 1 1 1 1 1 1 1 1 1 1 1 1 1 1 1
"038_Group38" 1 1 1 1 1 1 1 1 1 1 1 1 1 1 1 1 1 1 1 1 1 1 1 1 1 1 1 1 1 1
"039_Group39" 1 1 1 1 1 1 1 1 1 1 1 1 1 1 1 1 1 1 1 1 1 1 1 1 1 1 1 1 1 1
"040_Group40" 1 1 1 1 1 1 1 1 1 1 1 1 1 1 1 1 1 1 1 1 1 1 1 1 1 1 1 1 1 1
"041_Group41" 1 1 1 1 1 1 1 1 1 1 1 1 1 1 1 1 1 1 1 1 1 1 1 1 1 1 1 1 1 1
"042_Group42" 1 1 1 1 1 1 1 1 1 1 1 1 1 1 1 1 1 1 1 1 1 1 1 1 1 1 1 1 1 1
"043_Group43" 1 1 1 1 1 1 1 1 1 1 1 1 1 1 1 1 1 1 1 1 1 1 1 1 1 1 1 1 1 1
"044_Group44" 1 1 1 1 1 1 1 1 1 1 1 1 1 1 1 1 1 1 1 1 1 1 1 1 1 1 1 1 1 1
"045_Group45" 1 1 1 1 1 1 1 1 1 1 1 1 1 1 1 1 1 1 1 1 1 1 1 1 1 1 1 1 1 1
"046_Group46" 1 1 1 1 1 1 1 1 1 1 1 1 1 1 1 1 1 1 1 1 1 1 1 1 1 1 1 1 1 1
"047_Group47" 1 1 1 1 1 1 1 1 1 1 1 1 1 1 1 1 1 1 1 1 1 1 1 1 1 1 1 1 1 1
"048_Group48" 1 1 1 1 1 1 1 1 1 1 1 1 1 1 1 1 1 1 1 1 1 1 1 1 1 1 1 1 1 1
"049_Group49" 1 1 1 1 1 1 1 1 1 1 1 1 1 1 1 1 1 1 1 1 1 1 1 1 1 1 1 1 1 1
"050_Group50" 1 1 1 1 1 1 1 1 1 1 1 1 1 1 1 1 1 1 1 1 1 1 1 1 1 1 1 1 1 1
"051_Group51" 1 1 1 1 1 1 1 1 1 1 1 1 1 1 1 1 1 1 1 1 1 1 1 1 1 1 1 1 1 1
"052_Group52" 1 1 1 1 1 1 1 1 1 1 1 1 1 1 1 1 1 1 1 1 1 1 1 1 1 1 1 1 1 1
"053_Group53" 1 1 1 1 1 1 1 1 1 1 1 1 1 1 1 1 1 1 1 1 1 1 1 1 1 1 1 1 1 1
"054_Group54" 1 1 1 1 1 1 1 1 1 1 1 1 1 1 1 1 1 1 1 1 1 1 1 1 1 1 1 1 1 1
"055_Group55" 1 1 1 1 1 1 1 1 1 1 1 1 1 1 1 1 1 1 1 1 1 1 1 1 1 1 1 1 1 1
"056_Group56" 1 1 1 1 1 1 1 1 1 1 1 1 1 1 1 1 1 1 1 1 1 1 1 1 1 1 1 1 1 1
"057_Group57" 1 1 1 1 1 1 1 1 1 1 1 1 1 1 1 1 1 1 1 1 1 1 1 1 1 1 1 1 1 1
"058_Group58" 1 1 1 1 1 1 1 1 1 1 1 1 1 1 1 1 1 1 1 1 1 1 1 1 1 1 1 1 1 1
"059_Group59" 1 1 1 1 1 1 1 1 1 1 1 1 1 1 1 1 1 1 1 1 1 1 1 1 1 1 1 1 1 1
"060_Group60" 1 1 1 1 1 1 1 1 1 1 1 1 1 1 1 1 1 1 1 1 1 1 1 1 1 1 1 1 1 1
"061_Group61" 1 1 1 1 1 1 1 1 1 1 1 1 1 1 1 1 1 1 1 1 1 1 1 1 1 1 1 1 1 1
"062_Group62" 1 1 1 1 1 1 1 1 1 1 1 1 1 1 1 1 1 1 1 1 1 1 1 1 1 1 1 1 1 1
"063_Group63" 1 1 1 1 1 1 1 1 1 1 1 1 1 1 1 1 1 1 1 1 1 1 1 1 1 1 1 1 1 1
"064_Group64" 1 1 1 1 1 1 1 1 1 1 1 1 1 1 1 1 1 1 1 1 1 1 1 1 1 1 1 1 1 1
"065_Group65" 1 1 1 1 1 1 1 1 1 1 1 1 1 1 1 1 1 1 1 1 1 1 1 1 1 1 1 1 1 1
"066_Group66" 1 1 1 1 1 1 1 1 1 1 1 1 1 1 1 1 1 1 1 1 1 1 1 1 1 1 1 1 1 1
"067_Group67" 1 1 1 1 1 1 1 1 1 1 1 1 1 1 1 1 1 1 1 1 1 1 1 1 1 1 1 1 1 1
"068_Group68" 1 1 1 1 1 1 1 1 1 1 1 1 1 1 1 1 1 1 1 1 1 1 1 1 1 1 1 1 1 1
"069_Group69" 1 1 1 1 1 1 1 1 1 1 1 1 1 1 1 1 1 1 1 1 1 1 1 1 1 1 1 1 1 1
"070_Group70" 1 1 1 1 1 1 1 1 1 1 1 1 1 1 1 1 1 1 1 1 1 1 1 1 1 1 1 1 1 1
"071_Group71" 1 1 1 1 1 1 1 1 1 1 1 1 1 1 1 1 1 1 1 1 1 1 1 1 1 1 1 1 1 1
"072_Group72" 1 1 1 1 1 1 1 1 1 1 1 1 1 1 1 1 1 1 1 1 1 1 1 1 1 1 1 1 1 1
"073_Group73" 1 1 1 1 1 1 1 1 1 1 1 1 1 1 1 1 1 1 1 1 1 1 1 1 1 1 1 1 1 1
"074_Group74" 1 1 1 1 1 1 1 1 1 1 1 1 1 1 1 1 1 1 1 1 1 1 1 1 1 1 1 1 1 1
"075_Group75" 1 1 1 1 1 1 1 1 1 1 1 1 1 1 1 1 1 1 1 1 1 1 1 1 1 1 1 1 1 1
"076_Group76" 1 1 1 1 1 1 1 1 1 1 1 1 1 1 1 1 1 1 1 1 1 1 1 1 1 1 1 1 1 1
"077_Group77" 1 1 1 1 1 1 1 1 1 1 1 1 1 1 1 1 1 1 1 1 1 1 1 1 1 1 1 1 1 1
"078_Group78" 1 1 1 1 1 1 1 1 1 1 1 1 1 1 1 1 1 1 1 1 1 1 1 1 1 1 1 1 1 1
"079_Group79" 1 1 1 1 1 1 1 1 1 1 1 1 1 1 1 1 1 1 1 1 1 1 1 1 1 1 1 1 1 1
"080_Group80" 1 1 1 1 1 1 1 1 1 1 1 1 1 1 1 1 1 1 1 1 1 1 1 1 1 1 1 1 1 1
"081_Group81" 1 1 1 1 1 1 1 1 1 1 1 1 1 1 1 1 1 1 1 1 1 1 1 1 1 1 1 1 1 1
"082_Group82" 1 1 1 1 1 1 1 1 1 1 1 1 1 1 1 1 1 1 1 1 1 1 1 1 1 1 1 1 1 1
"083_Group83" 1 1 1 1 1 1 1 1 1 1 1 1 1 1 1 1 1 1 1 1 1 1 1 1 1 1 1 1 1 1
"084_Group84" 1 1 1 1 1 1 1 1 1 1 1 1 1 1 1 1 1 1 1 1 1 1 1 1 1 1 1 1 1 1
"085_Group85" 1 1 1 1 1 1 1 1 1 1 1 1 1 1 1 1 1 1 1 1 1 1 1 1 1 1 1 1 1 1
"086_Group86" 1 1 1 1 1 1 1 1 1 1 1 1 1 1 1 1 1 1 1 1 1 1 1 1 1 1 1 1 1 1
"087_Group87" 1 1 1 1 1 1 1 1 1 1 1 1 1 1 1 1 1 1 1 1 1 1 1 1 1 1 1 1 1 1
"088_Group88" 1 1 1 1 1 1 1 1 1 1 1 1 1 1 1 1 1 1 1 1 1 1 1 1 1 1 1 1 1 1
"089_Group89" 1 1 1 1 1 1 1 1 1 1 1 1 1 1 1 1 1 1 1 1 1 1 1 1 1 1 1 1 1 1
"090_Group90" 1 1 1 1 1 1 1 1 1 1 1 1 1 1 1 1 1 1 1 1 1 1 1 1 1 1 1 1 1 1
"091_Group91" 1 1 1 1 1 1 1 1 1 1 1 1 1 1 1 1 1 1 1 1 1 1 1 1 1 1 1 1 1 1
"092_Group92" 1 1 1 1 1 1 1 1 1 1 1 1 1 1 1 1 1 1 1 1 1 1 1 1 1 1 1 1 1 1
"093_Group93" 1 1 1 1 1 1 1 1 1 1 1 1 1 1 1 1 1 1 1 1 1 1 1 1 1 1 1 1 1 1
"094_Group94" 1 1 1 1 1 1 1 1 1 1 1 1 1 1 1 1 1 1 1 1 1 1 1 1 1 1 1 1 1 1
"095_Group95" 1 1 1 1 1 1 1 1 1 1 1 1 1 1 1 1 1 1 1 1 1 1 1 1 1 1 1 1 1 1

"<<<<<< Number of Samples per Acquisition Interval [1unit=500values] >>>>>>"
Time[m] 2 4 6 8 10 12 14 16 18 20 22 24 26 28 30 32 34 36 38 40 42 44 46 48 50 52 54 56 58 60 
#Samples 2 2 2 2 2 2 2 2 2 2 2 2 2 2 2 2 2 2 2 2 2 2 2 2 2 2 2 2 2 2 

"<<<<<< Average Temperature [°C] >>>>>>"
Time[m] 2 4 6 8 10 12 14 16 18 20 22 24 26 28 30 32 34 36 38 40 42 44 46 48 50 52 54 56 58 60 
Temp[°C] 21.8 21.8 21.8 21.8 21.8 21.8 21.8 21.8 21.7 21.8 21.8 21.8 21.8 21.8 21.8 21.8 21.8 21.8 21.8 21.8 21.8 21.8 21.8 21.8 21.8 21.8 21.7 21.8 21.8 21.8 

"<<<<<< Well Activity >>>>>>"
Well Group/Time[m] 2 4 6 8 10 12 14 16 18 20 22 24 26 28 30 32 34 36 38 40 42 44 46 48 50 52 54 56 58 60
A1 "000_Group0" 15 21 24 22 13 19 27 24 27 24 22 21 23 22 18 29 27 24 21 25 16 18 18 24 21 25 30 26 17 27
B1 "001_Group1" 16 24 20 23 16 25 27 25 26 25 27 16 27 23 19 16 21 17 28 22 19 17 17 15 27 21 21 20 16 28
C1 "002_Group2" 13 22 35 24 25 30 22 30 32 23 16 24 31 25 36 26 39 17 26 27 25 16 12 23 25 18 19 21 20 24
D1 "003_Group3" 19 29 18 29 21 14 23 22 15 22 24 23 27 20 31 26 14 13 25 23 18 10 26 17 15 22 18 17 10 20
E1 "004_Group4" 27 20 15 22 22 16 23 21 26 32 23 26 24 20 33 33 25 18 17 27 23 18 23 16 16 19 13 20 19 23
F1 "005_Group5" 14 19 20 9 12 18 13 15 14 15 25 21 31 37 29 24 23 30 24 20 22 15 17 18 27 20 14 13 15 17
G1 "006_Group6" 36 31 23 14 20 10 14 15 15 16 23 28 23 31 27 28 22 16 17 25 27 26 24 16 12 10 14 24 8 9
H1 "007_Group7" 26 29 28 16 11 19 21 7 17 26 28 27 20 22 16 19 16 17 7 19 20 20 19 15 25 9 19 19 21 24
A2 "008_Group8" 25 24 27 20 20 24 26 19 25 31 20 26 17 22 30 28 28 26 21 24 24 27 22 23 21 15 28 24 23 20
B2 "009_Group9" 26 28 19 15 18 24 22 20 25 27 25 15 21 16 18 20 25 18 18 10 22 17 18 18 16 15 14 18 23 25
C2 "010_Group10" 29 40 23 21 31 15 18 16 24 23 20 16 21 18 19 21 23 25 28 20 19 21 25 25 21 22 27 23 18 21
D2 "011_Group11" 21 23 18 23 24 23 22 21 21 18 23 24 22 14 24 29 20 25 22 27 20 27 27 16 26 26 21 30 25 30
E2 "012_Group12" 8 19 24 23 25 23 26 29 31 23 31 27 19 20 24 20 18 17 10 24 28 25 21 15 22 22 20 23 28 22
F2 "013_Group13" 13 22 20 19 20 18 7 23 15 18 20 18 20 15 26 21 18 31 18 21 36 30 27 15 19 29 23 28 19 24
G2 "014_Group14" 12 13 20 21 13 10 17 26 19 20 20 24 25 27 20 15 15 20 23 21 23 26 21 18 27 31 21 28 27 16
H2 "015_Group15" 25 20 21 17 16 13 14 19 22 24 20 24 22 14 23 18 20 17 18 25 25 31 22 22 23 16 25 24 18 9
A3 "016_Group16" 11 28 27 16 13 13 26 25 23 24 29 41 30 35 36 24 27 24 23 38 26 39 28 26 36 44 31 39 35 36
B3 "017_Group17" 42 12 27 38 33 22 15 18 31 24 31 34 33 26 27 25 21 23 25 26 50 38 35 37 34 41 26 25 23 27
C3 "018_Group18" 35 22 28 31 24 29 25 27 36 33 27 26 27 11 20 28 25 25 22 22 29 24 24 33 25 28 19 30 23 24
D3 "019_Group19" 46 38 44 27 44 32 32 21 34 34 45 34 38 32 26 24 30 29 18 15 21 14 18 17 30 29 23 22 26 30
E3 "020_Group20" 26 38 31 36 37 43 27 39 35 18 32 37 33 33 35 37 45 28 23 26 25 33 28 36 24 18 18 26 19 21
F3 "021_Group21" 7 17 22 24 33 27 30 23 29 33 41 31 31 28 27 31 30 30 36 26 18 16 25 29 13 18 32 31 35 31
G3 "022_Group22" 12 27 33 36 33 37 32 20 21 14 21 31 30 26 20 12 25 38 30 38 34 30 47 35 21 26 31 22 30 40
H3 "023_Group23" 38 35 36 34 55 43 28 15 34 45 27 34 33 31 19 29 30 20 25 24 24 25 21 23 17 20 22 12 13 15
A4 "024_Group24" 15 21 22 21 19 19 16 21 17 30 22 25 19 26 20 23 20 16 24 29 26 22 16 27 23 29 21 23 27 28
B4 "025_Group25" 18 27 25 23 25 16 11 14 19 29 28 25 23 25 18 29 20 24 23 27 38 25 34 19 11 21 20 24 22 23
C4 "026_Group26" 16 21 21 22 14 19 17 24 15 22 19 35 28 29 25 21 21 26 23 24 25 20 20 16 11 11 20 15 20 22
D4 "027_Group27" 34 25 28 26 25 20 19 23 23 16 21 21 23 18 17 26 20 23 31 20 22 13 14 23 18 14 17 18 14 18
E4 "028_Group28" 16 21 17 25 23 28 25 22 25 27 24 27 19 14 21 16 23 19 18 17 19 26 19 23 25 20 17 28 21 19
F4 "029_Group29" 3 16 11 21 30 22 22 23 30 27 20 18 18 22 18 21 27 20 18 25 26 26 27 25 17 18 19 14 22 21
G4 "030_Group30" 8 25 20 16 9 16 27 21 20 11 26 17 22 25 23 26 30 19 23 28 21 15 26 28 30 23 27 20 21 14
H4 "031_Group31" 19 29 28 28 30 19 21 19 26 31 22 12 16 20 20 23 23 17 18 21 16 18 13 17 23 22 14 16 18 20
A5 "032_Group32" 42 35 29 35 35 47 29 41 42 30 33 37 36 32 26 24 35 37 32 32 37 32 25 41 30 26 34 24 33 18
B5 "033_Group33" 24 42 55 49 28 47 30 32 29 39 36 30 29 35 27 23 24 28 33 29 26 32 32 24 28 19 19 24 13 26
C5 "034_Group34" 27 41 49 37 30 27 32 33 48 34 38 25 34 27 39 30 37 33 26 23 37 40 39 42 27 33 42 41 23 19
D5 "035_Group35" 38 41 47 34 39 33 43 49 29 35 47 34 35 24 33 25 32 35 16 14 23 27 30 34 24 42 28 42 31 24
E5 "036_Group36" 23 34 42 37 43 27 36 35 40 28 39 38 31 27 27 35 40 31 30 19 25 30 30 32 36 34 32 21 28 20
F5 "037_Group37" 31 33 42 36 33 28 32 37 40 33 29 18 31 35 24 38 36 24 24 28 28 14 23 25 25 31 25 21 39 26
G5 "038_Group38" 8 40 25 29 44 39 34 24 29 29 33 31 31 23 29 29 30 33 29 27 21 18 19 25 28 48 26 32 16 21
H5 "039_Group39" 10 26 15 31 23 25 27 17 27 42 29 30 26 33 39 17 26 29 24 26 26 30 23 18 30 24 23 25 31 29
A6 "040_Group40" 30 23 28 31 21 28 25 32 33 37 24 23 34 33 33 31 33 26 22 33 26 29 24 23 24 24 29 37 30 21
B6 "041_Group41" 24 13 26 28 25 30 25 16 20 28 32 21 27 15 19 22 29 28 21 25 34 28 37 36 30 24 20 15 22 18
C6 "042_Group42" 29 44 32 27 18 38 31 26 24 20 24 22 12 23 31 33 19 32 26 25 26 31 25 22 22 27 30 32 26 28
D6 "043_Group43" 25 26 30 25 25 27 22 27 25 34 27 21 33 35 26 31 17 20 25 14 17 28 31 19 24 33 26 28 17 30
E6 "044_Group44" 21 30 32 36 23 12 22 19 16 17 29 21 26 30 36 23 20 18 29 21 22 16 23 29 14 22 25 29 27 31
F6 "045_Group45" 28 31 31 21 13 20 17 18 22 22 27 23 30 27 26 26 31 35 28 20 21 25 24 19 26 23 23 20 33 22
G6 "046_Group46" 25 20 26 16 13 14 22 14 31 28 35 31 32 32 28 29 17 20 15 16 31 24 19 25 18 31 23 25 34 22
H6 "047_Group47" 36 24 16 17 20 18 13 25 28 26 25 27 31 30 33 33 28 17 17 27 30 31 34 31 35 33 30 26 37 41
A7 "048_Group48" 30 39 26 22 22 24 31 35 23 22 28 21 27 40 31 28 23 28 19 19 37 19 25 27 18 14 25 26 30 34
B7 "049_Group49" 19 14 21 22 30 38 34 30 22 30 29 29 29 29 25 44 38 33 39 34 20 22 27 24 27 21 23 21 26 25
C7 "050_Group50" 30 27 26 25 26 22 31 28 34 30 27 29 25 23 20 18 27 19 30 21 22 24 30 31 30 29 29 32 28 30
D7 "051_Group51" 28 32 27 19 35 38 29 22 33 35 22 19 26 14 22 26 21 29 42 37 31 22 18 29 20 22 20 33 30 30
E7 "052_Group52" 23 24 25 31 38 26 28 26 34 25 30 30 24 27 30 26 37 28 27 33 23 27 22 27 25 28 27 20 30 27
F7 "053_Group53" 16 30 38 38 30 22 15 8 11 18 20 23 19 23 18 23 32 32 20 24 35 25 27 15 25 23 18 19 25 30
G7 "054_Group54" 24 14 21 31 24 20 19 22 15 27 26 26 37 33 25 24 21 16 26 24 34 28 22 23 21 19 22 13 17 19
H7 "055_Group55" 27 36 27 34 27 15 21 21 29 24 29 38 36 26 23 31 28 21 32 27 11 30 38 33 33 19 33 30 31 18
A8 "056_Group56" 9 16 29 23 25 29 32 34 23 23 28 36 28 23 20 20 29 22 17 29 29 22 31 17 31 25 23 34 28 25
B8 "057_Group57" 25 29 25 26 22 22 24 19 25 18 29 31 18 15 35 27 25 20 14 18 23 27 20 24 22 36 26 22 22 32
C8 "058_Group58" 0 0 0 0 0 0 0 0 0 0 0 0 0 0 0 0 0 0 0 0 0 0 0 0 0 0 0 0 0 0
D8 "059_Group59" 0 0 0 0 0 0 0 0 0 0 0 0 0 0 0 0 0 0 0 0 0 0 0 0 0 0 0 0 0 0
E8 "060_Group60" 0 0 0 0 0 0 0 0 0 0 0 0 0 0 0 0 0 0 0 0 0 0 0 0 0 0 0 0 0 0
F8 "061_Group61" 0 0 0 0 0 0 0 0 0 0 0 0 0 0 0 0 0 0 0 0 0 0 0 0 0 0 0 0 0 0
G8 "062_Group62" 0 0 0 0 0 0 0 0 0 0 0 0 0 0 0 0 0 0 0 0 0 0 0 0 0 0 0 0 0 0
H8 "063_Group63" 0 0 0 0 0 0 0 0 0 0 0 0 0 0 0 0 0 0 0 0 0 0 0 0 0 0 0 0 0 0
A9 "064_Group64" 15 9 36 29 34 38 30 27 22 26 25 32 23 20 24 29 30 31 28 26 20 28 19 21 27 33 35 20 33 30
B9 "065_Group65" 22 30 26 22 22 27 32 24 36 21 21 21 21 16 22 20 25 27 18 23 24 22 19 30 32 21 28 20 33 28
C9 "066_Group66" 17 14 15 17 22 19 30 24 26 30 22 30 24 25 26 24 32 31 26 30 26 24 33 25 28 21 32 32 26 29
D9 "067_Group67" 23 35 33 39 27 28 21 24 34 28 27 32 24 27 27 26 20 26 18 24 29 32 32 30 20 21 24 23 29 24
E9 "068_Group68" 30 23 30 29 23 34 36 22 15 21 14 17 18 18 17 25 32 29 32 26 28 26 31 26 26 23 26 27 28 25
F9 "069_Group69" 26 33 19 13 12 14 13 20 24 17 19 22 23 21 21 24 18 26 25 26 35 26 20 17 20 24 23 23 23 11
G9 "070_Group70" 31 24 22 21 23 19 18 12 13 21 25 24 29 31 22 20 28 29 34 29 25 16 15 20 26 29 23 35 36 25
H9 "071_Group71" 18 30 22 18 21 24 27 24 27 34 22 25 20 27 26 21 23 31 22 27 34 19 23 23 23 27 23 25 29 19
A10 "072_Group72" 27 32 16 30 22 27 29 40 35 24 32 36 47 46 40 35 31 36 39 39 37 32 34 34 24 24 37 40 30 30
B10 "073_Group73" 34 37 35 28 31 25 40 36 32 35 31 37 31 43 31 30 31 29 37 35 23 29 29 28 22 29 34 26 32 27
C10 "074_Group74" 7 35 29 28 42 39 26 21 33 33 25 28 24 23 42 25 15 24 35 24 28 26 15 30 21 26 33 25 19 19
D10 "075_Group75" 8 42 33 37 27 41 36 33 18 17 20 29 30 21 28 23 53 28 38 25 32 29 21 18 15 20 29 22 21 28
E10 "076_Group76" 12 33 35 38 29 35 32 34 36 39 43 29 27 41 35 19 23 19 28 28 24 26 26 25 15 30 23 24 31 28
F10 "077_Group77" 35 24 30 34 27 15 18 19 14 21 16 28 25 31 34 36 41 31 36 22 22 23 25 26 29 22 20 38 34 28
G10 "078_Group78" 38 32 22 25 21 20 39 35 21 34 26 35 28 36 31 34 21 31 30 30 24 35 32 26 26 25 19 23 30 16
H10 "079_Group79" 27 32 34 34 39 47 40 36 39 32 33 30 30 26 19 22 16 16 17 31 27 10 15 14 24 26 31 34 38 28
A11 "080_Group80" 30 24 21 32 34 21 36 28 22 25 22 23 26 28 30 29 24 25 21 18 32 31 36 34 26 23 16 23 26 22
B11 "081_Group81" 27 30 29 26 24 28 21 28 27 29 25 20 22 26 23 27 28 18 18 23 18 25 18 22 11 35 32 20 18 14
C11 "082_Group82" 25 23 18 19 22 23 25 26 24 18 15 18 20 24 23 22 25 12 18 13 21 17 12 12 23 13 18 19 23 13
D11 "083_Group83" 37 31 21 14 16 16 22 25 25 32 26 24 38 25 26 23 18 26 19 19 32 19 15 14 28 30 23 13 11 17
E11 "084_Group84" 17 27 22 21 28 24 25 23 19 17 31 20 21 24 23 29 24 17 21 29 26 28 28 23 30 20 15 11 12 17
F11 "085_Group85" 10 27 22 25 18 23 31 21 24 23 23 19 15 16 17 27 24 22 19 20 18 28 20 18 17 18 13 15 6 9
G11 "086_Group86" 25 22 25 28 21 17 13 16 17 22 22 25 24 32 34 23 26 27 21 21 16 16 22 18 20 14 23 15 21 26
H11 "087_Group87" 37 31 30 27 29 28 17 20 23 24 20 20 14 14 23 23 21 24 19 18 24 22 12 9 21 12 16 18 15 14
A12 "088_Group88" 15 41 34 24 26 28 36 28 22 24 26 23 24 27 21 24 36 26 31 27 31 29 29 27 29 25 22 25 23 28
B12 "089_Group89" 19 26 24 34 43 23 28 24 29 24 21 25 28 28 22 21 35 20 28 16 16 18 25 13 31 14 31 25 32 21
C12 "090_Group90" 40 31 28 32 25 23 19 20 26 30 21 21 9 17 20 22 18 21 22 19 18 22 27 26 18 10 22 18 17 27
D12 "091_Group91" 25 27 33 24 22 26 31 33 20 29 26 24 22 27 23 15 19 24 20 26 17 12 12 21 16 23 14 20 18 15
E12 "092_Group92" 24 17 20 17 18 26 24 19 23 27 34 27 29 19 23 30 27 15 19 16 17 11 16 17 9 16 18 18 26 12
F12 "093_Group93" 10 19 23 14 19 18 19 18 21 22 23 16 22 24 20 37 25 18 22 20 25 25 14 22 18 7 17 11 15 17
G12 "094_Group94" 19 23 27 31 9 10 11 22 28 25 11 23 16 18 22 23 25 20 18 22 21 19 29 27 15 19 18 17 12 17
H12 "095_Group95" 30 31 24 28 19 25 15 19 24 23 29 22 20 22 29 28 23 32 27 21 14 22 20 22 18 21 19 20 19 18

"<<<<<< Channel Activity >>>>>>"
Channel Well Group/Time[m] 2 4 6 8 10 12 14 16 18 20 22 24 26 28 30 32 34 36 38 40 42 44 46 48 50 52 54 56 58 60
CH0 A1.0 "000_Group0" 15 21 24 22 13 19 27 24 27 24 22 21 23 22 18 29 27 24 21 25 16 18 18 24 21 25 30 26 17 27
CH2 B1.0 "001_Group1" 16 24 20 23 16 25 27 25 26 25 27 16 27 23 19 16 21 17 28 22 19 17 17 15 27 21 21 20 16 28
CH4 C1.0 "002_Group2" 13 22 35 24 25 30 22 30 32 23 16 24 31 25 36 26 39 17 26 27 25 16 12 23 25 18 19 21 20 24
CH6 D1.0 "003_Group3" 19 29 18 29 21 14 23 22 15 22 24 23 27 20 31 26 14 13 25 23 18 10 26 17 15 22 18 17 10 20
CH8 E1.0 "004_Group4" 27 20 15 22 22 16 23 21 26 32 23 26 24 20 33 33 25 18 17 27 23 18 23 16 16 19 13 20 19 23
CH10 F1.0 "005_Group5" 14 19 20 9 12 18 13 15 14 15 25 21 31 37 29 24 23 30 24 20 22 15 17 18 27 20 14 13 15 17
CH12 G1.0 "006_Group6" 36 31 23 14 20 10 14 15 15 16 23 28 23 31 27 28 22 16 17 25 27 26 24 16 12 10 14 24 8 9
CH14 H1.0 "007_Group7" 26 29 28 16 11 19 21 7 17 26 28 27 20 22 16 19 16 17 7 19 20 20 19 15 25 9 19 19 21 24
CH32 A2.0 "008_Group8" 25 24 27 20 20 24 26 19 25 31 20 26 17 22 30 28 28 26 21 24 24 27 22 23 21 15 28 24 23 20
CH34 B2.0 "009_Group9" 26 28 19 15 18 24 22 20 25 27 25 15 21 16 18 20 25 18 18 10 22 17 18 18 16 15 14 18 23 25
CH36 C2.0 "010_Group10" 29 40 23 21 31 15 18 16 24 23 20 16 21 18 19 21 23 25 28 20 19 21 25 25 21 22 27 23 18 21
CH38 D2.0 "011_Group11" 21 23 18 23 24 23 22 21 21 18 23 24 22 14 24 29 20 25 22 27 20 27 27 16 26 26 21 30 25 30
CH40 E2.0 "012_Group12" 8 19 24 23 25 23 26 29 31 23 31 27 19 20 24 20 18 17 10 24 28 25 21 15 22 22 20 23 28 22
CH42 F2.0 "013_Group13" 13 22 20 19 20 18 7 23 15 18 20 18 20 15 26 21 18 31 18 21 36 30 27 15 19 29 23 28 19 24
CH44 G2.0 "014_Group14" 12 13 20 21 13 10 17 26 19 20 20 24 25 27 20 15 15 20 23 21 23 26 21 18 27 31 21 28 27 16
CH46 H2.0 "015_Group15" 25 20 21 17 16 13 14 19 22 24 20 24 22 14 23 18 20 17 18 25 25 31 22 22 23 16 25 24 18 9
CH64 A3.0 "016_Group16" 11 28 27 16 13 13 26 25 23 24 29 41 30 35 36 24 27 24 23 38 26 39 28 26 36 44 31 39 35 36
CH66 B3.0 "017_Group17" 42 12 27 38 33 22 15 18 31 24 31 34 33 26 27 25 21 23 25 26 50 38 35 37 34 41 26 25 23 27
CH68 C3.0 "018_Group18" 35 22 28 31 24 29 25 27 36 33 27 26 27 11 20 28 25 25 22 22 29 24 24 33 25 28 19 30 23 24
CH70 D3.0 "019_Group19" 46 38 44 27 44 32 32 21 34 34 45 34 38 32 26 24 30 29 18 15 21 14 18 17 30 29 23 22 26 30
CH72 E3.0 "020_Group20" 26 38 31 36 37 43 27 39 35 18 32 37 33 33 35 37 45 28 23 26 25 33 28 36 24 18 18 26 19 21
CH74 F3.0 "021_Group21" 7 17 22 24 33 27 30 23 29 33 41 31 31 28 27 31 30 30 36 26 18 16 25 29 13 18 32 31 35 31
CH76 G3.0 "022_Group22" 12 27 33 36 33 37 32 20 21 14 21 31 30 26 20 12 25 38 30 38 34 30 47 35 21 26 31 22 30 40
CH78 H3.0 "023_Group23" 38 35 36 34 55 43 28 15 34 45 27 34 33 31 19 29 30 20 25 24 24 25 21 23 17 20 22 12 13 15
CH96 A4.0 "024_Group24" 15 21 22 21 19 19 16 21 17 30 22 25 19 26 20 23 20 16 24 29 26 22 16 27 23 29 21 23 27 28
CH98 B4.0 "025_Group25" 18 27 25 23 25 16 11 14 19 29 28 25 23 25 18 29 20 24 23 27 38 25 34 19 11 21 20 24 22 23
CH100 C4.0 "026_Group26" 16 21 21 22 14 19 17 24 15 22 19 35 28 29 25 21 21 26 23 24 25 20 20 16 11 11 20 15 20 22
CH102 D4.0 "027_Group27" 34 25 28 26 25 20 19 23 23 16 21 21 23 18 17 26 20 23 31 20 22 13 14 23 18 14 17 18 14 18
CH104 E4.0 "028_Group28" 16 21 17 25 23 28 25 22 25 27 24 27 19 14 21 16 23 19 18 17 19 26 19 23 25 20 17 28 21 19
CH106 F4.0 "029_Group29" 3 16 11 21 30 22 22 23 30 27 20 18 18 22 18 21 27 20 18 25 26 26 27 25 17 18 19 14 22 21
CH108 G4.0 "030_Group30" 8 25 20 16 9 16 27 21 20 11 26 17 22 25 23 26 30 19 23 28 21 15 26 28 30 23 27 20 21 14
CH110 H4.0 "031_Group31" 19 29 28 28 30 19 21 19 26 31 22 12 16 20 20 23 23 17 18 21 16 18 13 17 23 22 14 16 18 20
CH128 A5.0 "032_Group32" 42 35 29 35 35 47 29 41 42 30 33 37 36 32 26 24 35 37 32 32 37 32 25 41 30 26 34 24 33 18
CH130 B5.0 "033_Group33" 24 42 55 49 28 47 30 32 29 39 36 30 29 35 27 23 24 28 33 29 26 32 32 24 28 19 19 24 13 26
CH132 C5.0 "034_Group34" 27 41 49 37 30 27 32 33 48 34 38 25 34 27 39 30 37 33 26 23 37 40 39 42 27 33 42 41 23 19
CH134 D5.0 "035_Group35" 38 41 47 34 39 33 43 49 29 35 47 34 35 24 33 25 32 35 16 14 23 27 30 34 24 42 28 42 31 24
CH136 E5.0 "036_Group36" 23 34 42 37 43 27 36 35 40 28 39 38 31 27 27 35 40 31 30 19 25 30 30 32 36 34 32 21 28 20
CH138 F5.0 "037_Group37" 31 33 42 36 33 28 32 37 40 33 29 18 31 35 24 38 36 24 24 28 28 14 23 25 25 31 25 21 39 26
CH140 G5.0 "038_Group38" 8 40 25 29 44 39 34 24 29 29 33 31 31 23 29 29 30 33 29 27 21 18 19 25 28 48 26 32 16 21
CH142 H5.0 "039_Group39" 10 26 15 31 23 25 27 17 27 42 29 30 26 33 39 17 26 29 24 26 26 30 23 18 30 24 23 25 31 29
CH160 A6.0 "040_Group40" 30 23 28 31 21 28 25 32 33 37 24 23 34 33 33 31 33 26 22 33 26 29 24 23 24 24 29 37 30 21
CH162 B6.0 "041_Group41" 24 13 26 28 25 30 25 16 20 28 32 21 27 15 19 22 29 28 21 25 34 28 37 36 30 24 20 15 22 18
CH164 C6.0 "042_Group42" 29 44 32 27 18 38 31 26 24 20 24 22 12 23 31 33 19 32 26 25 26 31 25 22 22 27 30 32 26 28
CH166 D6.0 "043_Group43" 25 26 30 25 25 27 22 27 25 34 27 21 33 35 26 31 17 20 25 14 17 28 31 19 24 33 26 28 17 30
CH168 E6.0 "044_Group44" 21 30 32 36 23 12 22 19 16 17 29 21 26 30 36 23 20 18 29 21 22 16 23 29 14 22 25 29 27 31
CH170 F6.0 "045_Group45" 28 31 31 21 13 20 17 18 22 22 27 23 30 27 26 26 31 35 28 20 21 25 24 19 26 23 23 20 33 22
CH172 G6.0 "046_Group46" 25 20 26 16 13 14 22 14 31 28 35 31 32 32 28 29 17 20 15 16 31 24 19 25 18 31 23 25 34 22
CH174 H6.0 "047_Group47" 36 24 16 17 20 18 13 25 28 26 25 27 31 30 33 33 28 17 17 27 30 31 34 31 35 33 30 26 37 41
CH192 A7.0 "048_Group48" 30 39 26 22 22 24 31 35 23 22 28 21 27 40 31 28 23 28 19 19 37 19 25 27 18 14 25 26 30 34
CH194 B7.0 "049_Group49" 19 14 21 22 30 38 34 30 22 30 29 29 29 29 25 44 38 33 39 34 20 22 27 24 27 21 23 21 26 25
CH196 C7.0 "050_Group50" 30 27 26 25 26 22 31 28 34 30 27 29 25 23 20 18 27 19 30 21 22 24 30 31 30 29 29 32 28 30
CH198 D7.0 "051_Group51" 28 32 27 19 35 38 29 22 33 35 22 19 26 14 22 26 21 29 42 37 31 22 18 29 20 22 20 33 30 30
CH200 E7.0 "052_Group52" 23 24 25 31 38 26 28 26 34 25 30 30 24 27 30 26 37 28 27 33 23 27 22 27 25 28 27 20 30 27
CH202 F7.0 "053_Group53" 16 30 38 38 30 22 15 8 11 18 20 23 19 23 18 23 32 32 20 24 35 25 27 15 25 23 18 19 25 30
CH204 G7.0 "054_Group54" 24 14 21 31 24 20 19 22 15 27 26 26 37 33 25 24 21 16 26 24 34 28 22 23 21 19 22 13 17 19
CH206 H7.0 "055_Group55" 27 36 27 34 27 15 21 21 29 24 29 38 36 26 23 31 28 21 32 27 11 30 38 33 33 19 33 30 31 18
CH224 A8.0 "056_Group56" 9 16 29 23 25 29 32 34 23 23 28 36 28 23 20 20 29 22 17 29 29 22 31 17 31 25 23 34 28 25
CH226 B8.0 "057_Group57" 25 29 25 26 22 22 24 19 25 18 29 31 18 15 35 27 25 20 14 18 23 27 20 24 22 36 26 22 22 32
CH228 C8.0 "058_Group58" 0 0 0 0 0 0 0 0 0 0 0 0 0 0 0 0 0 0 0 0 0 0 0 0 0 0 0 0 0 0
CH230 D8.0 "059_Group59" 0 0 0 0 0 0 0 0 0 0 0 0 0 0 0 0 0 0 0 0 0 0 0 0 0 0 0 0 0 0
CH232 E8.0 "060_Group60" 0 0 0 0 0 0 0 0 0 0 0 0 0 0 0 0 0 0 0 0 0 0 0 0 0 0 0 0 0 0
CH234 F8.0 "061_Group61" 0 0 0 0 0 0 0 0 0 0 0 0 0 0 0 0 0 0 0 0 0 0 0 0 0 0 0 0 0 0
CH236 G8.0 "062_Group62" 0 0 0 0 0 0 0 0 0 0 0 0 0 0 0 0 0 0 0 0 0 0 0 0 0 0 0 0 0 0
CH238 H8.0 "063_Group63" 0 0 0 0 0 0 0 0 0 0 0 0 0 0 0 0 0 0 0 0 0 0 0 0 0 0 0 0 0 0
CH256 A9.0 "064_Group64" 15 9 36 29 34 38 30 27 22 26 25 32 23 20 24 29 30 31 28 26 20 28 19 21 27 33 35 20 33 30
CH258 B9.0 "065_Group65" 22 30 26 22 22 27 32 24 36 21 21 21 21 16 22 20 25 27 18 23 24 22 19 30 32 21 28 20 33 28
CH260 C9.0 "066_Group66" 17 14 15 17 22 19 30 24 26 30 22 30 24 25 26 24 32 31 26 30 26 24 33 25 28 21 32 32 26 29
CH262 D9.0 "067_Group67" 23 35 33 39 27 28 21 24 34 28 27 32 24 27 27 26 20 26 18 24 29 32 32 30 20 21 24 23 29 24
CH264 E9.0 "068_Group68" 30 23 30 29 23 34 36 22 15 21 14 17 18 18 17 25 32 29 32 26 28 26 31 26 26 23 26 27 28 25
CH266 F9.0 "069_Group69" 26 33 19 13 12 14 13 20 24 17 19 22 23 21 21 24 18 26 25 26 35 26 20 17 20 24 23 23 23 11
CH268 G9.0 "070_Group70" 31 24 22 21 23 19 18 12 13 21 25 24 29 31 22 20 28 29 34 29 25 16 15 20 26 29 23 35 36 25
CH270 H9.0 "071_Group71" 18 30 22 18 21 24 27 24 27 34 22 25 20 27 26 21 23 31 22 27 34 19 23 23 23 27 23 25 29 19
CH288 A10.0 "072_Group72" 27 32 16 30 22 27 29 40 35 24 32 36 47 46 40 35 31 36 39 39 37 32 34 34 24 24 37 40 30 30
CH290 B10.0 "073_Group73" 34 37 35 28 31 25 40 36 32 35 31 37 31 43 31 30 31 29 37 35 23 29 29 28 22 29 34 26 32 27
CH292 C10.0 "074_Group74" 7 35 29 28 42 39 26 21 33 33 25 28 24 23 42 25 15 24 35 24 28 26 15 30 21 26 33 25 19 19
CH294 D10.0 "075_Group75" 8 42 33 37 27 41 36 33 18 17 20 29 30 21 28 23 53 28 38 25 32 29 21 18 15 20 29 22 21 28
CH296 E10.0 "076_Group76" 12 33 35 38 29 35 32 34 36 39 43 29 27 41 35 19 23 19 28 28 24 26 26 25 15 30 23 24 31 28
CH298 F10.0 "077_Group77" 35 24 30 34 27 15 18 19 14 21 16 28 25 31 34 36 41 31 36 22 22 23 25 26 29 22 20 38 34 28
CH300 G10.0 "078_Group78" 38 32 22 25 21 20 39 35 21 34 26 35 28 36 31 34 21 31 30 30 24 35 32 26 26 25 19 23 30 16
CH302 H10.0 "079_Group79" 27 32 34 34 39 47 40 36 39 32 33 30 30 26 19 22 16 16 17 31 27 10 15 14 24 26 31 34 38 28
CH320 A11.0 "080_Group80" 30 24 21 32 34 21 36 28 22 25 22 23 26 28 30 29 24 25 21 18 32 31 36 34 26 23 16 23 26 22
CH322 B11.0 "081_Group81" 27 30 29 26 24 28 21 28 27 29 25 20 22 26 23 27 28 18 18 23 18 25 18 22 11 35 32 20 18 14
CH324 C11.0 "082_Group82" 25 23 18 19 22 23 25 26 24 18 15 18 20 24 23 22 25 12 18 13 21 17 12 12 23 13 18 19 23 13
CH326 D11.0 "083_Group83" 37 31 21 14 16 16 22 25 25 32 26 24 38 25 26 23 18 26 19 19 32 19 15 14 28 30 23 13 11 17
CH328 E11.0 "084_Group84" 17 27 22 21 28 24 25 23 19 17 31 20 21 24 23 29 24 17 21 29 26 28 28 23 30 20 15 11 12 17
CH330 F11.0 "085_Group85" 10 27 22 25 18 23 31 21 24 23 23 19 15 16 17 27 24 22 19 20 18 28 20 18 17 18 13 15 6 9
CH332 G11.0 "086_Group86" 25 22 25 28 21 17 13 16 17 22 22 25 24 32 34 23 26 27 21 21 16 16 22 18 20 14 23 15 21 26
CH334 H11.0 "087_Group87" 37 31 30 27 29 28 17 20 23 24 20 20 14 14 23 23 21 24 19 18 24 22 12 9 21 12 16 18 15 14
CH352 A12.0 "088_Group88" 15 41 34 24 26 28 36 28 22 24 26 23 24 27 21 24 36 26 31 27 31 29 29 27 29 25 22 25 23 28
CH354 B12.0 "089_Group89" 19 26 24 34 43 23 28 24 29 24 21 25 28 28 22 21 35 20 28 16 16 18 25 13 31 14 31 25 32 21
CH356 C12.0 "090_Group90" 40 31 28 32 25 23 19 20 26 30 21 21 9 17 20 22 18 21 22 19 18 22 27 26 18 10 22 18 17 27
CH358 D12.0 "091_Group91" 25 27 33 24 22 26 31 33 20 29 26 24 22 27 23 15 19 24 20 26 17 12 12 21 16 23 14 20 18 15
CH360 E12.0 "092_Group92" 24 17 20 17 18 26 24 19 23 27 34 27 29 19 23 30 27 15 19 16 17 11 16 17 9 16 18 18 26 12
CH362 F12.0 "093_Group93" 10 19 23 14 19 18 19 18 21 22 23 16 22 24 20 37 25 18 22 20 25 25 14 22 18 7 17 11 15 17
CH364 G12.0 "094_Group94" 19 23 27 31 9 10 11 22 28 25 11 23 16 18 22 23 25 20 18 22 21 19 29 27 15 19 18 17 12 17
CH366 H12.0 "095_Group95" 30 31 24 28 19 25 15 19 24 23 29 22 20 22 29 28 23 32 27 21 14 22 20 22 18 21 19 20 19 18
