"DATE:" "5/1/2014 11:15:08 AM"
"FILE:" "C:\Users\AndersenLab\Desktop\wmicrotracker\p00010\20140501_1008"
"SUBPROJECT:" "20140501_SwimmingDoseResponseAbamectin"

"<<<<<< Group Activity: Average Activity Counts per Data Interval>>>>>>"
Group/Time[m] 4 8 12 16 20 24 28 32 36 40 44 48 52 56 60
"000_Group0" 22 41 35 43 52 37 51 52 36 52 26 33 32 37 28
"001_Group1" 33 43 38 27 38 21 38 25 35 27 14 21 16 18 24
"002_Group2" 27 38 42 33 38 30 35 33 30 37 23 9 14 12 13
"003_Group3" 43 17 5 16 31 15 11 7 20 17 7 14 7 17 10
"004_Group4" 42 28 27 14 30 22 28 22 16 13 6 12 24 7 0
"005_Group5" 57 45 17 20 19 9 6 2 3 0 3 5 9 6 3
"006_Group6" 20 20 17 8 0 2 0 0 1 4 3 1 5 4 4
"007_Group7" 12 12 18 9 21 4 0 32 41 25 6 3 30 6 4
"008_Group8" 2 0 0 4 0 0 0 0 0 0 0 0 0 0 0
"009_Group9" 26 47 61 49 38 27 52 65 41 33 39 4 22 13 30
"010_Group10" 5 20 7 0 4 15 12 0 0 0 0 3 3 6 0
"011_Group11" 2 0 0 5 0 0 0 0 0 0 0 0 0 0 0
"012_Group12" 20 6 16 22 28 5 2 0 30 11 4 7 2 11 7
"013_Group13" 17 70 27 35 13 22 6 17 23 5 2 0 0 4 0
"014_Group14" 26 19 7 25 20 4 1 0 0 4 1 0 3 1 0
"015_Group15" 2 0 0 1 0 0 0 0 0 0 0 0 0 0 0
"016_Group16" 39 52 65 61 54 52 54 74 74 58 55 56 52 51 45
"017_Group17" 37 30 31 38 62 26 28 41 24 17 15 11 21 16 1
"018_Group18" 41 34 56 56 36 44 32 19 55 47 29 28 43 45 19
"019_Group19" 12 43 44 36 39 33 46 23 34 30 32 30 50 34 20
"020_Group20" 30 34 48 31 37 21 22 13 11 5 9 22 13 1 0
"021_Group21" 40 54 31 32 27 22 11 18 4 4 8 4 2 13 14
"022_Group22" 24 31 18 8 12 6 5 0 0 0 2 0 0 3 1
"023_Group23" 11 6 0 4 0 0 0 4 0 1 8 3 0 10 1
"024_Group24" 41 36 57 59 47 34 45 45 50 54 61 29 56 60 49
"025_Group25" 21 57 64 51 66 23 30 43 36 38 27 21 38 7 12
"026_Group26" 17 41 50 40 40 37 40 27 13 13 22 21 15 22 5
"027_Group27" 11 29 22 23 33 11 17 10 28 21 12 8 20 24 19
"028_Group28" 18 44 24 15 18 17 14 14 6 22 9 1 0 2 6
"029_Group29" 21 32 27 5 14 5 0 0 8 0 5 4 0 3 4
"030_Group30" 2 9 16 1 0 0 0 0 1 1 0 0 0 0 0
"031_Group31" 2 0 0 0 0 0 0 0 0 0 0 0 0 0 0
"032_Group32" 33 64 75 57 53 38 54 57 62 51 76 59 82 72 58
"033_Group33" 33 18 30 40 26 30 40 18 34 47 48 38 46 55 37
"034_Group34" 25 35 47 24 29 30 33 38 34 42 33 32 26 61 41
"035_Group35" 55 58 32 43 45 43 56 90 41 35 46 13 52 22 32
"036_Group36" 43 56 65 46 37 41 33 38 54 38 23 14 11 19 8
"037_Group37" 60 40 22 33 26 7 9 10 0 5 10 2 1 2 2
"038_Group38" 38 37 23 35 9 0 0 0 0 0 0 1 0 0 1
"039_Group39" 13 15 15 14 9 10 20 14 14 2 3 3 4 5 4
"040_Group40" 46 44 54 53 54 32 23 37 43 52 35 40 46 46 44
"041_Group41" 32 55 50 35 34 23 20 30 31 24 42 32 37 38 31
"042_Group42" 25 65 40 52 37 12 12 34 21 20 21 8 29 22 9
"043_Group43" 36 44 27 33 41 19 21 27 10 38 27 17 28 23 14
"044_Group44" 33 24 33 21 31 10 17 9 0 15 0 0 0 15 0
"045_Group45" 43 28 28 2 2 0 0 0 0 0 0 0 2 0 0
"046_Group46" 33 8 0 0 0 0 0 0 0 0 0 0 0 0 0
"047_Group47" 2 24 4 18 27 8 6 3 3 1 34 10 4 23 20
"048_Group48" 38 54 43 52 64 39 47 65 67 77 43 56 50 43 28
"049_Group49" 24 33 30 62 44 35 47 26 43 29 22 16 22 51 10
"050_Group50" 43 48 49 40 51 24 44 35 10 27 12 21 30 18 10
"051_Group51" 17 61 33 52 18 15 27 43 36 29 34 4 12 13 15
"052_Group52" 54 32 19 33 14 6 13 22 21 11 16 24 27 14 14
"053_Group53" 25 24 21 18 15 23 16 13 12 20 20 17 8 12 1
"054_Group54" 70 36 9 1 1 0 0 0 0 0 0 2 0 0 0
"055_Group55" 3 16 15 13 0 9 21 17 16 5 0 10 28 5 12
"056_Group56" 48 53 48 65 70 39 46 46 60 67 60 45 71 71 45
"057_Group57" 21 21 39 46 36 26 25 25 17 24 13 10 15 8 8
"058_Group58" 30 56 51 24 27 14 8 21 12 11 8 19 6 12 5
"059_Group59" 68 52 53 42 18 26 32 19 36 18 9 24 7 12 4
"060_Group60" 25 40 17 16 9 5 21 11 7 22 19 8 12 5 3
"061_Group61" 18 13 12 22 18 10 16 0 4 9 0 5 15 2 1
"062_Group62" 8 23 10 27 15 3 1 2 0 2 6 3 4 0 0
"063_Group63" 3 1 0 1 1 0 0 0 9 0 1 0 0 0 0
"064_Group64" 64 54 47 56 47 37 58 43 51 47 54 47 36 62 44
"065_Group65" 28 27 27 55 49 41 28 34 45 27 33 30 34 19 9
"066_Group66" 67 63 56 63 40 15 21 18 25 15 12 20 36 20 15
"067_Group67" 43 42 36 55 29 21 42 24 18 10 27 20 16 15 20
"068_Group68" 56 42 45 32 28 9 15 19 13 22 18 2 4 4 0
"069_Group69" 12 46 44 21 6 0 0 0 0 0 0 0 0 2 2
"070_Group70" 45 42 22 8 2 1 1 0 0 0 0 3 1 0 0
"071_Group71" 3 0 0 0 6 2 0 0 0 2 2 1 0 0 1
"072_Group72" 39 52 48 59 53 26 20 43 41 46 38 39 31 29 29
"073_Group73" 78 39 42 39 22 22 24 24 17 32 8 12 23 6 6
"074_Group74" 47 19 25 19 34 7 22 15 15 28 25 16 13 17 25
"075_Group75" 26 31 28 19 19 14 17 30 26 9 20 8 6 2 7
"076_Group76" 30 38 6 10 33 6 12 2 4 0 1 0 0 0 0
"077_Group77" 47 21 17 14 0 0 6 0 1 16 1 2 3 0 0
"078_Group78" 30 18 5 3 0 0 0 0 0 0 0 0 0 0 0
"079_Group79" 16 21 29 14 13 3 2 4 18 1 28 13 8 54 20
"080_Group80" 31 40 34 36 33 10 33 53 39 53 43 37 50 68 32
"081_Group81" 41 32 30 39 24 15 10 36 22 30 14 14 20 10 16
"082_Group82" 44 47 39 20 21 10 13 8 21 21 12 18 6 20 17
"083_Group83" 40 45 8 16 31 26 15 16 4 11 5 10 22 25 18
"084_Group84" 29 34 17 18 5 15 7 15 16 19 16 20 17 15 19
"085_Group85" 45 60 37 19 12 11 6 10 13 19 1 6 11 3 1
"086_Group86" 29 5 11 4 2 1 0 0 0 0 0 0 0 0 0
"087_Group87" 2 0 0 0 0 0 0 0 0 0 0 0 0 0 0
"088_Group88" 43 53 54 76 63 63 58 73 68 62 63 35 50 76 49
"089_Group89" 58 64 23 36 15 21 33 85 64 41 49 21 25 46 13
"090_Group90" 56 28 22 13 14 14 42 31 16 14 21 19 8 14 13
"091_Group91" 71 54 20 28 20 54 10 40 30 47 42 32 27 21 17
"092_Group92" 64 37 26 19 10 14 20 28 24 11 21 15 25 19 17
"093_Group93" 111 68 21 7 9 0 3 11 26 4 0 1 22 5 9
"094_Group94" 72 29 12 0 0 0 0 0 0 0 0 0 0 0 0
"095_Group95" 9 30 8 28 48 12 25 19 6 15 15 27 29 21 14

"<<<<<< Group Activity: Number of wells/group >>>>>>"
Group/Time[m] 4 8 12 16 20 24 28 32 36 40 44 48 52 56 60
"000_Group0" 1 1 1 1 1 1 1 1 1 1 1 1 1 1 1
"001_Group1" 1 1 1 1 1 1 1 1 1 1 1 1 1 1 1
"002_Group2" 1 1 1 1 1 1 1 1 1 1 1 1 1 1 1
"003_Group3" 1 1 1 1 1 1 1 1 1 1 1 1 1 1 1
"004_Group4" 1 1 1 1 1 1 1 1 1 1 1 1 1 1 1
"005_Group5" 1 1 1 1 1 1 1 1 1 1 1 1 1 1 1
"006_Group6" 1 1 1 1 1 1 1 1 1 1 1 1 1 1 1
"007_Group7" 1 1 1 1 1 1 1 1 1 1 1 1 1 1 1
"008_Group8" 1 1 1 1 1 1 1 1 1 1 1 1 1 1 1
"009_Group9" 1 1 1 1 1 1 1 1 1 1 1 1 1 1 1
"010_Group10" 1 1 1 1 1 1 1 1 1 1 1 1 1 1 1
"011_Group11" 1 1 1 1 1 1 1 1 1 1 1 1 1 1 1
"012_Group12" 1 1 1 1 1 1 1 1 1 1 1 1 1 1 1
"013_Group13" 1 1 1 1 1 1 1 1 1 1 1 1 1 1 1
"014_Group14" 1 1 1 1 1 1 1 1 1 1 1 1 1 1 1
"015_Group15" 1 1 1 1 1 1 1 1 1 1 1 1 1 1 1
"016_Group16" 1 1 1 1 1 1 1 1 1 1 1 1 1 1 1
"017_Group17" 1 1 1 1 1 1 1 1 1 1 1 1 1 1 1
"018_Group18" 1 1 1 1 1 1 1 1 1 1 1 1 1 1 1
"019_Group19" 1 1 1 1 1 1 1 1 1 1 1 1 1 1 1
"020_Group20" 1 1 1 1 1 1 1 1 1 1 1 1 1 1 1
"021_Group21" 1 1 1 1 1 1 1 1 1 1 1 1 1 1 1
"022_Group22" 1 1 1 1 1 1 1 1 1 1 1 1 1 1 1
"023_Group23" 1 1 1 1 1 1 1 1 1 1 1 1 1 1 1
"024_Group24" 1 1 1 1 1 1 1 1 1 1 1 1 1 1 1
"025_Group25" 1 1 1 1 1 1 1 1 1 1 1 1 1 1 1
"026_Group26" 1 1 1 1 1 1 1 1 1 1 1 1 1 1 1
"027_Group27" 1 1 1 1 1 1 1 1 1 1 1 1 1 1 1
"028_Group28" 1 1 1 1 1 1 1 1 1 1 1 1 1 1 1
"029_Group29" 1 1 1 1 1 1 1 1 1 1 1 1 1 1 1
"030_Group30" 1 1 1 1 1 1 1 1 1 1 1 1 1 1 1
"031_Group31" 1 1 1 1 1 1 1 1 1 1 1 1 1 1 1
"032_Group32" 1 1 1 1 1 1 1 1 1 1 1 1 1 1 1
"033_Group33" 1 1 1 1 1 1 1 1 1 1 1 1 1 1 1
"034_Group34" 1 1 1 1 1 1 1 1 1 1 1 1 1 1 1
"035_Group35" 1 1 1 1 1 1 1 1 1 1 1 1 1 1 1
"036_Group36" 1 1 1 1 1 1 1 1 1 1 1 1 1 1 1
"037_Group37" 1 1 1 1 1 1 1 1 1 1 1 1 1 1 1
"038_Group38" 1 1 1 1 1 1 1 1 1 1 1 1 1 1 1
"039_Group39" 1 1 1 1 1 1 1 1 1 1 1 1 1 1 1
"040_Group40" 1 1 1 1 1 1 1 1 1 1 1 1 1 1 1
"041_Group41" 1 1 1 1 1 1 1 1 1 1 1 1 1 1 1
"042_Group42" 1 1 1 1 1 1 1 1 1 1 1 1 1 1 1
"043_Group43" 1 1 1 1 1 1 1 1 1 1 1 1 1 1 1
"044_Group44" 1 1 1 1 1 1 1 1 1 1 1 1 1 1 1
"045_Group45" 1 1 1 1 1 1 1 1 1 1 1 1 1 1 1
"046_Group46" 1 1 1 1 1 1 1 1 1 1 1 1 1 1 1
"047_Group47" 1 1 1 1 1 1 1 1 1 1 1 1 1 1 1
"048_Group48" 1 1 1 1 1 1 1 1 1 1 1 1 1 1 1
"049_Group49" 1 1 1 1 1 1 1 1 1 1 1 1 1 1 1
"050_Group50" 1 1 1 1 1 1 1 1 1 1 1 1 1 1 1
"051_Group51" 1 1 1 1 1 1 1 1 1 1 1 1 1 1 1
"052_Group52" 1 1 1 1 1 1 1 1 1 1 1 1 1 1 1
"053_Group53" 1 1 1 1 1 1 1 1 1 1 1 1 1 1 1
"054_Group54" 1 1 1 1 1 1 1 1 1 1 1 1 1 1 1
"055_Group55" 1 1 1 1 1 1 1 1 1 1 1 1 1 1 1
"056_Group56" 1 1 1 1 1 1 1 1 1 1 1 1 1 1 1
"057_Group57" 1 1 1 1 1 1 1 1 1 1 1 1 1 1 1
"058_Group58" 1 1 1 1 1 1 1 1 1 1 1 1 1 1 1
"059_Group59" 1 1 1 1 1 1 1 1 1 1 1 1 1 1 1
"060_Group60" 1 1 1 1 1 1 1 1 1 1 1 1 1 1 1
"061_Group61" 1 1 1 1 1 1 1 1 1 1 1 1 1 1 1
"062_Group62" 1 1 1 1 1 1 1 1 1 1 1 1 1 1 1
"063_Group63" 1 1 1 1 1 1 1 1 1 1 1 1 1 1 1
"064_Group64" 1 1 1 1 1 1 1 1 1 1 1 1 1 1 1
"065_Group65" 1 1 1 1 1 1 1 1 1 1 1 1 1 1 1
"066_Group66" 1 1 1 1 1 1 1 1 1 1 1 1 1 1 1
"067_Group67" 1 1 1 1 1 1 1 1 1 1 1 1 1 1 1
"068_Group68" 1 1 1 1 1 1 1 1 1 1 1 1 1 1 1
"069_Group69" 1 1 1 1 1 1 1 1 1 1 1 1 1 1 1
"070_Group70" 1 1 1 1 1 1 1 1 1 1 1 1 1 1 1
"071_Group71" 1 1 1 1 1 1 1 1 1 1 1 1 1 1 1
"072_Group72" 1 1 1 1 1 1 1 1 1 1 1 1 1 1 1
"073_Group73" 1 1 1 1 1 1 1 1 1 1 1 1 1 1 1
"074_Group74" 1 1 1 1 1 1 1 1 1 1 1 1 1 1 1
"075_Group75" 1 1 1 1 1 1 1 1 1 1 1 1 1 1 1
"076_Group76" 1 1 1 1 1 1 1 1 1 1 1 1 1 1 1
"077_Group77" 1 1 1 1 1 1 1 1 1 1 1 1 1 1 1
"078_Group78" 1 1 1 1 1 1 1 1 1 1 1 1 1 1 1
"079_Group79" 1 1 1 1 1 1 1 1 1 1 1 1 1 1 1
"080_Group80" 1 1 1 1 1 1 1 1 1 1 1 1 1 1 1
"081_Group81" 1 1 1 1 1 1 1 1 1 1 1 1 1 1 1
"082_Group82" 1 1 1 1 1 1 1 1 1 1 1 1 1 1 1
"083_Group83" 1 1 1 1 1 1 1 1 1 1 1 1 1 1 1
"084_Group84" 1 1 1 1 1 1 1 1 1 1 1 1 1 1 1
"085_Group85" 1 1 1 1 1 1 1 1 1 1 1 1 1 1 1
"086_Group86" 1 1 1 1 1 1 1 1 1 1 1 1 1 1 1
"087_Group87" 1 1 1 1 1 1 1 1 1 1 1 1 1 1 1
"088_Group88" 1 1 1 1 1 1 1 1 1 1 1 1 1 1 1
"089_Group89" 1 1 1 1 1 1 1 1 1 1 1 1 1 1 1
"090_Group90" 1 1 1 1 1 1 1 1 1 1 1 1 1 1 1
"091_Group91" 1 1 1 1 1 1 1 1 1 1 1 1 1 1 1
"092_Group92" 1 1 1 1 1 1 1 1 1 1 1 1 1 1 1
"093_Group93" 1 1 1 1 1 1 1 1 1 1 1 1 1 1 1
"094_Group94" 1 1 1 1 1 1 1 1 1 1 1 1 1 1 1
"095_Group95" 1 1 1 1 1 1 1 1 1 1 1 1 1 1 1

"<<<<<< Number of Samples per Acquisition Interval [1unit=500values] >>>>>>"
Time[m] 4 8 12 16 20 24 28 32 36 40 44 48 52 56 60 
#Samples 4 4 4 4 4 3 4 4 4 4 4 3 4 4 3 

"<<<<<< Average Temperature [°C] >>>>>>"
Time[m] 4 8 12 16 20 24 28 32 36 40 44 48 52 56 60 
Temp[°C] 24.9 24.9 24.9 24.9 24.9 24.9 24.9 24.9 25.0 24.9 25.0 25.0 25.0 25.0 25.0 

"<<<<<< Well Activity >>>>>>"
Well Group/Time[m] 4 8 12 16 20 24 28 32 36 40 44 48 52 56 60
A1 "000_Group0" 22 41 35 43 52 37 51 52 36 52 26 33 32 37 28
B1 "001_Group1" 33 43 38 27 38 21 38 25 35 27 14 21 16 18 24
C1 "002_Group2" 27 38 42 33 38 30 35 33 30 37 23 9 14 12 13
D1 "003_Group3" 43 17 5 16 31 15 11 7 20 17 7 14 7 17 10
E1 "004_Group4" 42 28 27 14 30 22 28 22 16 13 6 12 24 7 0
F1 "005_Group5" 57 45 17 20 19 9 6 2 3 0 3 5 9 6 3
G1 "006_Group6" 20 20 17 8 0 2 0 0 1 4 3 1 5 4 4
H1 "007_Group7" 12 12 18 9 21 4 0 32 41 25 6 3 30 6 4
A2 "008_Group8" 2 0 0 4 0 0 0 0 0 0 0 0 0 0 0
B2 "009_Group9" 26 47 61 49 38 27 52 65 41 33 39 4 22 13 30
C2 "010_Group10" 5 20 7 0 4 15 12 0 0 0 0 3 3 6 0
D2 "011_Group11" 2 0 0 5 0 0 0 0 0 0 0 0 0 0 0
E2 "012_Group12" 20 6 16 22 28 5 2 0 30 11 4 7 2 11 7
F2 "013_Group13" 17 70 27 35 13 22 6 17 23 5 2 0 0 4 0
G2 "014_Group14" 26 19 7 25 20 4 1 0 0 4 1 0 3 1 0
H2 "015_Group15" 2 0 0 1 0 0 0 0 0 0 0 0 0 0 0
A3 "016_Group16" 39 52 65 61 54 52 54 74 74 58 55 56 52 51 45
B3 "017_Group17" 37 30 31 38 62 26 28 41 24 17 15 11 21 16 1
C3 "018_Group18" 41 34 56 56 36 44 32 19 55 47 29 28 43 45 19
D3 "019_Group19" 12 43 44 36 39 33 46 23 34 30 32 30 50 34 20
E3 "020_Group20" 30 34 48 31 37 21 22 13 11 5 9 22 13 1 0
F3 "021_Group21" 40 54 31 32 27 22 11 18 4 4 8 4 2 13 14
G3 "022_Group22" 24 31 18 8 12 6 5 0 0 0 2 0 0 3 1
H3 "023_Group23" 11 6 0 4 0 0 0 4 0 1 8 3 0 10 1
A4 "024_Group24" 41 36 57 59 47 34 45 45 50 54 61 29 56 60 49
B4 "025_Group25" 21 57 64 51 66 23 30 43 36 38 27 21 38 7 12
C4 "026_Group26" 17 41 50 40 40 37 40 27 13 13 22 21 15 22 5
D4 "027_Group27" 11 29 22 23 33 11 17 10 28 21 12 8 20 24 19
E4 "028_Group28" 18 44 24 15 18 17 14 14 6 22 9 1 0 2 6
F4 "029_Group29" 21 32 27 5 14 5 0 0 8 0 5 4 0 3 4
G4 "030_Group30" 2 9 16 1 0 0 0 0 1 1 0 0 0 0 0
H4 "031_Group31" 2 0 0 0 0 0 0 0 0 0 0 0 0 0 0
A5 "032_Group32" 33 64 75 57 53 38 54 57 62 51 76 59 82 72 58
B5 "033_Group33" 33 18 30 40 26 30 40 18 34 47 48 38 46 55 37
C5 "034_Group34" 25 35 47 24 29 30 33 38 34 42 33 32 26 61 41
D5 "035_Group35" 55 58 32 43 45 43 56 90 41 35 46 13 52 22 32
E5 "036_Group36" 43 56 65 46 37 41 33 38 54 38 23 14 11 19 8
F5 "037_Group37" 60 40 22 33 26 7 9 10 0 5 10 2 1 2 2
G5 "038_Group38" 38 37 23 35 9 0 0 0 0 0 0 1 0 0 1
H5 "039_Group39" 13 15 15 14 9 10 20 14 14 2 3 3 4 5 4
A6 "040_Group40" 46 44 54 53 54 32 23 37 43 52 35 40 46 46 44
B6 "041_Group41" 32 55 50 35 34 23 20 30 31 24 42 32 37 38 31
C6 "042_Group42" 25 65 40 52 37 12 12 34 21 20 21 8 29 22 9
D6 "043_Group43" 36 44 27 33 41 19 21 27 10 38 27 17 28 23 14
E6 "044_Group44" 33 24 33 21 31 10 17 9 0 15 0 0 0 15 0
F6 "045_Group45" 43 28 28 2 2 0 0 0 0 0 0 0 2 0 0
G6 "046_Group46" 33 8 0 0 0 0 0 0 0 0 0 0 0 0 0
H6 "047_Group47" 2 24 4 18 27 8 6 3 3 1 34 10 4 23 20
A7 "048_Group48" 38 54 43 52 64 39 47 65 67 77 43 56 50 43 28
B7 "049_Group49" 24 33 30 62 44 35 47 26 43 29 22 16 22 51 10
C7 "050_Group50" 43 48 49 40 51 24 44 35 10 27 12 21 30 18 10
D7 "051_Group51" 17 61 33 52 18 15 27 43 36 29 34 4 12 13 15
E7 "052_Group52" 54 32 19 33 14 6 13 22 21 11 16 24 27 14 14
F7 "053_Group53" 25 24 21 18 15 23 16 13 12 20 20 17 8 12 1
G7 "054_Group54" 70 36 9 1 1 0 0 0 0 0 0 2 0 0 0
H7 "055_Group55" 3 16 15 13 0 9 21 17 16 5 0 10 28 5 12
A8 "056_Group56" 48 53 48 65 70 39 46 46 60 67 60 45 71 71 45
B8 "057_Group57" 21 21 39 46 36 26 25 25 17 24 13 10 15 8 8
C8 "058_Group58" 30 56 51 24 27 14 8 21 12 11 8 19 6 12 5
D8 "059_Group59" 68 52 53 42 18 26 32 19 36 18 9 24 7 12 4
E8 "060_Group60" 25 40 17 16 9 5 21 11 7 22 19 8 12 5 3
F8 "061_Group61" 18 13 12 22 18 10 16 0 4 9 0 5 15 2 1
G8 "062_Group62" 8 23 10 27 15 3 1 2 0 2 6 3 4 0 0
H8 "063_Group63" 3 1 0 1 1 0 0 0 9 0 1 0 0 0 0
A9 "064_Group64" 64 54 47 56 47 37 58 43 51 47 54 47 36 62 44
B9 "065_Group65" 28 27 27 55 49 41 28 34 45 27 33 30 34 19 9
C9 "066_Group66" 67 63 56 63 40 15 21 18 25 15 12 20 36 20 15
D9 "067_Group67" 43 42 36 55 29 21 42 24 18 10 27 20 16 15 20
E9 "068_Group68" 56 42 45 32 28 9 15 19 13 22 18 2 4 4 0
F9 "069_Group69" 12 46 44 21 6 0 0 0 0 0 0 0 0 2 2
G9 "070_Group70" 45 42 22 8 2 1 1 0 0 0 0 3 1 0 0
H9 "071_Group71" 3 0 0 0 6 2 0 0 0 2 2 1 0 0 1
A10 "072_Group72" 39 52 48 59 53 26 20 43 41 46 38 39 31 29 29
B10 "073_Group73" 78 39 42 39 22 22 24 24 17 32 8 12 23 6 6
C10 "074_Group74" 47 19 25 19 34 7 22 15 15 28 25 16 13 17 25
D10 "075_Group75" 26 31 28 19 19 14 17 30 26 9 20 8 6 2 7
E10 "076_Group76" 30 38 6 10 33 6 12 2 4 0 1 0 0 0 0
F10 "077_Group77" 47 21 17 14 0 0 6 0 1 16 1 2 3 0 0
G10 "078_Group78" 30 18 5 3 0 0 0 0 0 0 0 0 0 0 0
H10 "079_Group79" 16 21 29 14 13 3 2 4 18 1 28 13 8 54 20
A11 "080_Group80" 31 40 34 36 33 10 33 53 39 53 43 37 50 68 32
B11 "081_Group81" 41 32 30 39 24 15 10 36 22 30 14 14 20 10 16
C11 "082_Group82" 44 47 39 20 21 10 13 8 21 21 12 18 6 20 17
D11 "083_Group83" 40 45 8 16 31 26 15 16 4 11 5 10 22 25 18
E11 "084_Group84" 29 34 17 18 5 15 7 15 16 19 16 20 17 15 19
F11 "085_Group85" 45 60 37 19 12 11 6 10 13 19 1 6 11 3 1
G11 "086_Group86" 29 5 11 4 2 1 0 0 0 0 0 0 0 0 0
H11 "087_Group87" 2 0 0 0 0 0 0 0 0 0 0 0 0 0 0
A12 "088_Group88" 43 53 54 76 63 63 58 73 68 62 63 35 50 76 49
B12 "089_Group89" 58 64 23 36 15 21 33 85 64 41 49 21 25 46 13
C12 "090_Group90" 56 28 22 13 14 14 42 31 16 14 21 19 8 14 13
D12 "091_Group91" 71 54 20 28 20 54 10 40 30 47 42 32 27 21 17
E12 "092_Group92" 64 37 26 19 10 14 20 28 24 11 21 15 25 19 17
F12 "093_Group93" 111 68 21 7 9 0 3 11 26 4 0 1 22 5 9
G12 "094_Group94" 72 29 12 0 0 0 0 0 0 0 0 0 0 0 0
H12 "095_Group95" 9 30 8 28 48 12 25 19 6 15 15 27 29 21 14

"<<<<<< Channel Activity >>>>>>"
Channel Well Group/Time[m] 4 8 12 16 20 24 28 32 36 40 44 48 52 56 60
CH0 A1.0 "000_Group0" 22 41 35 43 52 37 51 52 36 52 26 33 32 37 28
CH2 B1.0 "001_Group1" 33 43 38 27 38 21 38 25 35 27 14 21 16 18 24
CH4 C1.0 "002_Group2" 27 38 42 33 38 30 35 33 30 37 23 9 14 12 13
CH6 D1.0 "003_Group3" 43 17 5 16 31 15 11 7 20 17 7 14 7 17 10
CH8 E1.0 "004_Group4" 42 28 27 14 30 22 28 22 16 13 6 12 24 7 0
CH10 F1.0 "005_Group5" 57 45 17 20 19 9 6 2 3 0 3 5 9 6 3
CH12 G1.0 "006_Group6" 20 20 17 8 0 2 0 0 1 4 3 1 5 4 4
CH14 H1.0 "007_Group7" 12 12 18 9 21 4 0 32 41 25 6 3 30 6 4
CH32 A2.0 "008_Group8" 2 0 0 4 0 0 0 0 0 0 0 0 0 0 0
CH34 B2.0 "009_Group9" 26 47 61 49 38 27 52 65 41 33 39 4 22 13 30
CH36 C2.0 "010_Group10" 5 20 7 0 4 15 12 0 0 0 0 3 3 6 0
CH38 D2.0 "011_Group11" 2 0 0 5 0 0 0 0 0 0 0 0 0 0 0
CH40 E2.0 "012_Group12" 20 6 16 22 28 5 2 0 30 11 4 7 2 11 7
CH42 F2.0 "013_Group13" 17 70 27 35 13 22 6 17 23 5 2 0 0 4 0
CH44 G2.0 "014_Group14" 26 19 7 25 20 4 1 0 0 4 1 0 3 1 0
CH46 H2.0 "015_Group15" 2 0 0 1 0 0 0 0 0 0 0 0 0 0 0
CH64 A3.0 "016_Group16" 39 52 65 61 54 52 54 74 74 58 55 56 52 51 45
CH66 B3.0 "017_Group17" 37 30 31 38 62 26 28 41 24 17 15 11 21 16 1
CH68 C3.0 "018_Group18" 41 34 56 56 36 44 32 19 55 47 29 28 43 45 19
CH70 D3.0 "019_Group19" 12 43 44 36 39 33 46 23 34 30 32 30 50 34 20
CH72 E3.0 "020_Group20" 30 34 48 31 37 21 22 13 11 5 9 22 13 1 0
CH74 F3.0 "021_Group21" 40 54 31 32 27 22 11 18 4 4 8 4 2 13 14
CH76 G3.0 "022_Group22" 24 31 18 8 12 6 5 0 0 0 2 0 0 3 1
CH78 H3.0 "023_Group23" 11 6 0 4 0 0 0 4 0 1 8 3 0 10 1
CH96 A4.0 "024_Group24" 41 36 57 59 47 34 45 45 50 54 61 29 56 60 49
CH98 B4.0 "025_Group25" 21 57 64 51 66 23 30 43 36 38 27 21 38 7 12
CH100 C4.0 "026_Group26" 17 41 50 40 40 37 40 27 13 13 22 21 15 22 5
CH102 D4.0 "027_Group27" 11 29 22 23 33 11 17 10 28 21 12 8 20 24 19
CH104 E4.0 "028_Group28" 18 44 24 15 18 17 14 14 6 22 9 1 0 2 6
CH106 F4.0 "029_Group29" 21 32 27 5 14 5 0 0 8 0 5 4 0 3 4
CH108 G4.0 "030_Group30" 2 9 16 1 0 0 0 0 1 1 0 0 0 0 0
CH110 H4.0 "031_Group31" 2 0 0 0 0 0 0 0 0 0 0 0 0 0 0
CH128 A5.0 "032_Group32" 33 64 75 57 53 38 54 57 62 51 76 59 82 72 58
CH130 B5.0 "033_Group33" 33 18 30 40 26 30 40 18 34 47 48 38 46 55 37
CH132 C5.0 "034_Group34" 25 35 47 24 29 30 33 38 34 42 33 32 26 61 41
CH134 D5.0 "035_Group35" 55 58 32 43 45 43 56 90 41 35 46 13 52 22 32
CH136 E5.0 "036_Group36" 43 56 65 46 37 41 33 38 54 38 23 14 11 19 8
CH138 F5.0 "037_Group37" 60 40 22 33 26 7 9 10 0 5 10 2 1 2 2
CH140 G5.0 "038_Group38" 38 37 23 35 9 0 0 0 0 0 0 1 0 0 1
CH142 H5.0 "039_Group39" 13 15 15 14 9 10 20 14 14 2 3 3 4 5 4
CH160 A6.0 "040_Group40" 46 44 54 53 54 32 23 37 43 52 35 40 46 46 44
CH162 B6.0 "041_Group41" 32 55 50 35 34 23 20 30 31 24 42 32 37 38 31
CH164 C6.0 "042_Group42" 25 65 40 52 37 12 12 34 21 20 21 8 29 22 9
CH166 D6.0 "043_Group43" 36 44 27 33 41 19 21 27 10 38 27 17 28 23 14
CH168 E6.0 "044_Group44" 33 24 33 21 31 10 17 9 0 15 0 0 0 15 0
CH170 F6.0 "045_Group45" 43 28 28 2 2 0 0 0 0 0 0 0 2 0 0
CH172 G6.0 "046_Group46" 33 8 0 0 0 0 0 0 0 0 0 0 0 0 0
CH174 H6.0 "047_Group47" 2 24 4 18 27 8 6 3 3 1 34 10 4 23 20
CH192 A7.0 "048_Group48" 38 54 43 52 64 39 47 65 67 77 43 56 50 43 28
CH194 B7.0 "049_Group49" 24 33 30 62 44 35 47 26 43 29 22 16 22 51 10
CH196 C7.0 "050_Group50" 43 48 49 40 51 24 44 35 10 27 12 21 30 18 10
CH198 D7.0 "051_Group51" 17 61 33 52 18 15 27 43 36 29 34 4 12 13 15
CH200 E7.0 "052_Group52" 54 32 19 33 14 6 13 22 21 11 16 24 27 14 14
CH202 F7.0 "053_Group53" 25 24 21 18 15 23 16 13 12 20 20 17 8 12 1
CH204 G7.0 "054_Group54" 70 36 9 1 1 0 0 0 0 0 0 2 0 0 0
CH206 H7.0 "055_Group55" 3 16 15 13 0 9 21 17 16 5 0 10 28 5 12
CH224 A8.0 "056_Group56" 48 53 48 65 70 39 46 46 60 67 60 45 71 71 45
CH226 B8.0 "057_Group57" 21 21 39 46 36 26 25 25 17 24 13 10 15 8 8
CH228 C8.0 "058_Group58" 30 56 51 24 27 14 8 21 12 11 8 19 6 12 5
CH230 D8.0 "059_Group59" 68 52 53 42 18 26 32 19 36 18 9 24 7 12 4
CH232 E8.0 "060_Group60" 25 40 17 16 9 5 21 11 7 22 19 8 12 5 3
CH234 F8.0 "061_Group61" 18 13 12 22 18 10 16 0 4 9 0 5 15 2 1
CH236 G8.0 "062_Group62" 8 23 10 27 15 3 1 2 0 2 6 3 4 0 0
CH238 H8.0 "063_Group63" 3 1 0 1 1 0 0 0 9 0 1 0 0 0 0
CH256 A9.0 "064_Group64" 64 54 47 56 47 37 58 43 51 47 54 47 36 62 44
CH258 B9.0 "065_Group65" 28 27 27 55 49 41 28 34 45 27 33 30 34 19 9
CH260 C9.0 "066_Group66" 67 63 56 63 40 15 21 18 25 15 12 20 36 20 15
CH262 D9.0 "067_Group67" 43 42 36 55 29 21 42 24 18 10 27 20 16 15 20
CH264 E9.0 "068_Group68" 56 42 45 32 28 9 15 19 13 22 18 2 4 4 0
CH266 F9.0 "069_Group69" 12 46 44 21 6 0 0 0 0 0 0 0 0 2 2
CH268 G9.0 "070_Group70" 45 42 22 8 2 1 1 0 0 0 0 3 1 0 0
CH270 H9.0 "071_Group71" 3 0 0 0 6 2 0 0 0 2 2 1 0 0 1
CH288 A10.0 "072_Group72" 39 52 48 59 53 26 20 43 41 46 38 39 31 29 29
CH290 B10.0 "073_Group73" 78 39 42 39 22 22 24 24 17 32 8 12 23 6 6
CH292 C10.0 "074_Group74" 47 19 25 19 34 7 22 15 15 28 25 16 13 17 25
CH294 D10.0 "075_Group75" 26 31 28 19 19 14 17 30 26 9 20 8 6 2 7
CH296 E10.0 "076_Group76" 30 38 6 10 33 6 12 2 4 0 1 0 0 0 0
CH298 F10.0 "077_Group77" 47 21 17 14 0 0 6 0 1 16 1 2 3 0 0
CH300 G10.0 "078_Group78" 30 18 5 3 0 0 0 0 0 0 0 0 0 0 0
CH302 H10.0 "079_Group79" 16 21 29 14 13 3 2 4 18 1 28 13 8 54 20
CH320 A11.0 "080_Group80" 31 40 34 36 33 10 33 53 39 53 43 37 50 68 32
CH322 B11.0 "081_Group81" 41 32 30 39 24 15 10 36 22 30 14 14 20 10 16
CH324 C11.0 "082_Group82" 44 47 39 20 21 10 13 8 21 21 12 18 6 20 17
CH326 D11.0 "083_Group83" 40 45 8 16 31 26 15 16 4 11 5 10 22 25 18
CH328 E11.0 "084_Group84" 29 34 17 18 5 15 7 15 16 19 16 20 17 15 19
CH330 F11.0 "085_Group85" 45 60 37 19 12 11 6 10 13 19 1 6 11 3 1
CH332 G11.0 "086_Group86" 29 5 11 4 2 1 0 0 0 0 0 0 0 0 0
CH334 H11.0 "087_Group87" 2 0 0 0 0 0 0 0 0 0 0 0 0 0 0
CH352 A12.0 "088_Group88" 43 53 54 76 63 63 58 73 68 62 63 35 50 76 49
CH354 B12.0 "089_Group89" 58 64 23 36 15 21 33 85 64 41 49 21 25 46 13
CH356 C12.0 "090_Group90" 56 28 22 13 14 14 42 31 16 14 21 19 8 14 13
CH358 D12.0 "091_Group91" 71 54 20 28 20 54 10 40 30 47 42 32 27 21 17
CH360 E12.0 "092_Group92" 64 37 26 19 10 14 20 28 24 11 21 15 25 19 17
CH362 F12.0 "093_Group93" 111 68 21 7 9 0 3 11 26 4 0 1 22 5 9
CH364 G12.0 "094_Group94" 72 29 12 0 0 0 0 0 0 0 0 0 0 0 0
CH366 H12.0 "095_Group95" 9 30 8 28 48 12 25 19 6 15 15 27 29 21 14
