"DATE:" "3/2/2015 2:11:09 PM"
"FILE:" "C:\Users\AndersenLab\Desktop\wmicrotracker\p00011\20150302_1309"
"SUBPROJECT:" "20150302_praziquantel"

"<<<<<< Group Activity: Average Activity Counts per Data Interval>>>>>>"
Group/Time[m] 2 4 6 8 10 12 14 16 18 20 22 24 26 28 30 32 34 36 38 40 42 44 46 48 50 52 54 56 58 60
"000_Group0" 18 16 14 13 15 15 14 9 19 12 27 30 26 29 42 37 21 15 20 27 24 33 36 29 27 23 25 16 26 20
"001_Group1" 9 23 6 9 23 26 15 21 25 21 23 30 29 20 26 33 27 34 27 30 16 21 21 20 20 26 21 24 29 26
"002_Group2" 11 17 11 11 12 13 20 26 10 16 28 28 29 25 25 30 33 32 18 27 22 22 22 24 27 31 24 22 31 36
"003_Group3" 14 10 7 14 11 14 16 18 22 25 34 24 32 27 19 31 18 26 28 26 25 25 25 21 23 22 15 19 20 25
"004_Group4" 21 9 16 8 14 14 16 15 14 18 20 29 25 23 27 23 28 35 25 27 27 19 24 13 21 26 24 23 23 21
"005_Group5" 17 8 8 10 4 5 13 18 17 19 23 26 23 18 29 27 30 26 20 26 32 24 19 22 20 14 23 21 23 21
"006_Group6" 24 20 10 4 10 10 13 6 16 16 12 19 23 23 29 34 31 29 29 22 24 24 25 25 35 24 23 24 31 36
"007_Group7" 13 29 20 11 13 11 9 11 16 19 23 13 19 27 34 18 27 29 32 40 22 24 35 19 19 16 28 25 24 28
"008_Group8" 1 7 17 21 16 22 13 27 22 21 23 24 23 25 25 27 19 21 27 29 19 21 18 20 21 26 13 22 25 21
"009_Group9" 7 11 9 14 16 10 12 22 20 20 25 28 25 25 34 32 23 21 28 18 23 22 23 18 15 24 25 26 19 18
"010_Group10" 11 18 17 15 9 13 17 17 21 26 24 26 31 31 24 24 24 31 22 31 22 26 34 19 26 23 24 24 24 29
"011_Group11" 14 17 7 15 19 13 22 14 16 22 22 31 21 26 29 31 23 19 27 20 28 25 21 29 34 27 27 24 24 30
"012_Group12" 13 14 6 13 11 14 10 19 20 18 20 26 30 26 32 25 30 28 17 27 27 24 25 23 15 25 21 26 21 28
"013_Group13" 31 17 13 5 14 15 20 15 17 18 31 20 25 24 25 28 21 21 25 24 31 20 20 19 28 30 34 25 16 30
"014_Group14" 23 12 10 10 7 11 20 22 14 14 16 13 22 27 24 28 31 23 23 18 24 34 26 15 22 33 25 31 17 20
"015_Group15" 18 14 8 7 19 14 15 10 15 21 27 28 25 26 23 22 27 16 23 22 14 22 23 18 23 19 17 27 28 13
"016_Group16" 13 17 22 20 15 14 13 20 24 18 27 28 20 30 43 36 41 34 26 25 32 22 37 45 20 30 30 28 22 29
"017_Group17" 15 15 26 26 19 21 13 28 26 25 28 33 19 25 38 30 34 28 19 34 28 28 28 28 37 36 44 30 35 34
"018_Group18" 29 27 19 19 18 33 41 34 28 38 32 40 35 48 40 38 31 29 40 37 28 38 32 23 33 36 33 19 21 25
"019_Group19" 25 42 30 24 21 26 33 43 38 35 34 22 43 25 30 36 30 20 22 31 29 23 20 16 22 22 32 30 29 24
"020_Group20" 16 23 13 11 26 24 15 30 32 27 37 32 37 47 34 37 38 36 14 27 21 17 16 40 22 28 36 26 22 33
"021_Group21" 20 32 25 22 31 28 31 29 21 32 33 34 37 25 35 36 26 41 38 36 15 26 31 23 18 21 20 30 39 32
"022_Group22" 28 29 35 21 9 20 18 20 23 17 26 26 33 33 35 30 32 23 29 23 28 26 30 38 33 33 34 37 33 31
"023_Group23" 29 20 15 11 16 13 20 19 29 38 44 45 40 36 42 32 38 32 36 41 28 25 36 31 28 33 21 16 21 21
"024_Group24" 8 11 12 6 15 19 14 11 16 18 25 27 26 23 26 23 24 28 19 18 21 31 32 28 23 20 17 27 32 23
"025_Group25" 12 10 9 12 13 19 14 21 20 29 26 25 28 24 24 27 28 24 29 25 24 22 25 24 25 26 20 22 24 15
"026_Group26" 15 14 18 14 20 20 15 17 22 26 25 20 22 22 18 28 21 32 17 17 20 23 21 32 23 23 22 34 22 21
"027_Group27" 8 12 13 11 10 14 14 12 8 22 20 27 26 24 30 18 28 36 30 31 25 27 20 24 28 38 22 29 13 14
"028_Group28" 12 5 15 15 19 25 15 22 13 22 16 20 25 29 24 22 22 16 25 20 23 24 19 24 34 27 33 24 22 9
"029_Group29" 32 22 11 13 10 21 20 23 28 16 17 16 18 21 20 26 24 25 23 32 27 24 22 24 21 15 18 21 15 20
"030_Group30" 17 30 8 14 5 12 17 14 14 15 10 12 20 27 31 23 25 24 30 28 19 20 23 20 22 17 16 12 17 14
"031_Group31" 18 25 11 17 14 16 16 17 18 15 25 27 28 26 18 19 23 23 30 21 18 23 17 24 17 29 22 26 26 24
"032_Group32" 18 21 28 10 19 18 35 38 36 44 38 30 23 27 27 30 39 43 39 22 27 23 20 25 14 15 22 17 27 36
"033_Group33" 19 13 20 15 36 29 24 26 21 29 47 33 31 30 40 22 38 33 23 24 15 25 21 21 19 22 22 30 24 15
"034_Group34" 21 30 15 24 21 29 36 32 36 30 34 28 33 27 22 20 26 31 40 23 22 19 30 28 31 16 22 22 20 20
"035_Group35" 16 21 24 20 17 20 25 22 37 29 41 28 33 39 39 30 34 30 45 34 39 33 29 45 23 47 28 25 30 32
"036_Group36" 29 28 31 28 22 23 13 27 33 39 39 26 41 39 27 31 25 24 29 35 28 28 25 28 34 38 26 32 25 15
"037_Group37" 28 23 25 15 10 26 44 38 47 31 50 45 38 40 31 32 26 41 29 33 35 33 30 37 34 39 27 25 31 25
"038_Group38" 33 31 24 26 11 14 14 17 20 28 37 28 46 37 36 38 41 43 38 35 34 36 21 35 28 26 23 24 40 37
"039_Group39" 18 26 17 22 33 30 35 32 28 27 28 41 39 38 29 22 28 33 29 26 27 30 39 28 26 23 22 21 29 29
"040_Group40" 18 9 8 14 15 13 18 28 26 33 29 36 31 25 24 21 28 38 20 20 16 24 29 24 26 24 21 24 29 25
"041_Group41" 4 7 9 20 17 18 18 12 27 20 33 30 28 22 24 29 35 19 26 39 26 33 33 24 29 29 23 27 32 23
"042_Group42" 19 5 11 10 11 14 16 14 22 23 34 35 24 28 19 21 36 30 33 21 21 24 26 28 33 28 31 32 37 28
"043_Group43" 13 17 4 6 14 13 16 17 21 17 26 35 28 27 26 29 25 26 27 29 24 25 31 29 31 32 28 23 32 31
"044_Group44" 18 17 9 11 12 16 12 13 22 14 30 28 22 34 33 19 38 33 25 19 35 26 37 35 31 30 21 33 31 33
"045_Group45" 26 12 11 3 14 19 16 16 13 17 23 27 29 20 24 20 23 23 22 24 30 31 33 24 26 28 24 28 24 20
"046_Group46" 27 24 16 10 11 13 12 14 14 14 17 33 26 26 35 23 27 30 27 23 26 28 21 29 24 26 19 21 27 13
"047_Group47" 28 25 17 17 7 13 15 9 23 19 24 32 21 20 36 28 31 24 33 25 28 24 26 29 26 31 24 25 37 33
"048_Group48" 15 12 21 29 23 18 15 22 24 42 22 21 37 26 35 24 24 31 23 24 27 16 12 29 35 21 28 25 31 30
"049_Group49" 20 7 3 10 13 18 20 16 21 21 31 26 38 17 31 30 26 29 31 25 17 25 26 30 29 28 24 37 28 25
"050_Group50" 10 6 11 15 13 22 9 17 24 23 32 33 33 32 27 29 33 21 31 21 24 22 33 23 30 35 28 31 29 27
"051_Group51" 22 18 16 30 17 17 29 26 36 26 35 37 28 30 30 33 29 35 20 22 23 30 33 24 35 24 32 35 37 28
"052_Group52" 16 20 13 12 5 24 20 31 34 19 17 34 24 21 20 25 21 27 24 19 23 35 30 27 20 17 27 29 22 22
"053_Group53" 26 24 12 15 7 10 22 19 18 11 27 34 35 26 32 17 20 17 23 18 28 25 27 22 30 28 26 27 25 27
"054_Group54" 20 22 20 4 4 7 11 18 23 19 22 22 32 28 30 26 29 29 26 16 16 21 27 20 22 23 26 30 25 21
"055_Group55" 26 20 11 9 7 8 13 23 16 29 31 31 32 25 29 25 35 27 21 23 20 22 19 20 23 25 28 29 33 31
"056_Group56" 10 24 21 12 19 17 18 13 8 31 25 32 25 25 25 30 21 28 21 24 27 29 23 25 19 30 22 17 33 29
"057_Group57" 16 17 13 12 14 20 18 19 13 22 19 23 24 27 25 24 27 22 23 30 32 34 26 17 17 26 25 23 19 24
"058_Group58" 23 14 20 17 16 18 20 16 15 25 23 27 31 25 23 27 29 32 31 23 33 19 22 33 14 14 22 20 24 17
"059_Group59" 21 14 21 24 12 16 16 18 16 22 16 23 33 33 32 24 21 31 25 25 25 22 22 33 28 24 20 25 26 20
"060_Group60" 15 24 15 13 12 15 12 23 20 16 19 25 31 27 21 33 27 27 32 12 28 21 20 19 23 24 15 13 20 18
"061_Group61" 12 20 10 9 18 13 15 9 13 16 18 25 27 33 25 30 21 36 32 25 26 22 26 21 25 28 21 26 21 24
"062_Group62" 15 16 16 18 14 11 17 12 17 13 19 19 20 15 18 20 31 22 21 17 16 25 14 15 25 21 25 33 36 25
"063_Group63" 11 21 9 5 2 9 9 13 18 17 15 19 14 21 25 29 20 18 21 19 24 20 26 21 27 30 21 18 25 27
"064_Group64" 8 13 6 13 13 13 13 13 26 30 23 26 12 23 27 26 27 23 15 17 23 21 20 19 17 23 32 29 25 29
"065_Group65" 14 21 14 19 12 11 7 19 24 23 29 33 37 32 31 28 27 26 27 35 29 33 26 35 33 32 39 24 22 30
"066_Group66" 9 8 3 7 12 20 19 24 18 28 26 24 30 29 27 27 25 25 21 28 41 29 19 23 21 19 28 24 24 33
"067_Group67" 8 6 11 14 24 22 18 22 26 35 33 36 40 38 29 32 31 37 19 30 32 20 25 42 42 23 26 23 32 29
"068_Group68" 25 5 9 9 7 15 19 23 27 42 32 30 25 36 26 37 33 30 31 31 28 20 24 23 29 28 28 24 25 25
"069_Group69" 31 19 17 11 32 15 13 21 21 15 21 18 22 28 25 34 26 25 24 31 25 33 27 21 21 28 32 26 29 15
"070_Group70" 14 18 6 4 10 8 13 15 18 17 16 30 28 32 27 34 28 25 31 33 25 27 28 20 30 31 30 24 19 27
"071_Group71" 10 21 17 11 18 12 10 13 15 15 22 27 29 27 19 23 32 27 30 25 26 18 28 23 36 24 29 27 23 35
"072_Group72" 15 15 21 23 13 7 29 29 27 36 28 33 38 29 23 27 23 34 34 26 39 42 42 41 33 42 46 45 25 22
"073_Group73" 7 9 17 9 22 22 18 29 21 36 35 39 40 38 28 35 41 25 28 37 39 28 29 36 26 22 22 39 30 27
"074_Group74" 16 25 26 16 21 22 25 21 12 31 37 30 24 32 29 19 31 24 18 14 24 18 43 25 27 24 31 23 20 30
"075_Group75" 19 25 9 18 25 17 22 37 21 31 34 28 32 33 29 18 31 34 20 19 22 28 31 35 41 23 29 31 21 19
"076_Group76" 27 25 32 30 40 22 26 39 33 36 33 40 17 23 33 29 21 38 23 30 30 24 29 37 25 22 15 11 24 29
"077_Group77" 27 24 24 23 27 53 29 19 45 37 26 36 35 34 41 37 28 30 40 30 32 26 23 27 25 23 22 25 19 20
"078_Group78" 27 30 10 4 19 15 22 18 27 25 24 37 35 37 33 37 35 33 37 32 29 30 26 29 26 33 40 34 26 19
"079_Group79" 16 33 27 35 32 23 24 28 23 35 29 23 23 42 28 38 40 40 33 29 21 35 31 33 28 29 26 16 23 24
"080_Group80" 25 25 20 17 13 15 21 24 24 24 19 25 26 23 20 18 29 22 29 18 32 25 29 25 30 20 29 29 28 15
"081_Group81" 14 8 10 15 13 19 16 18 21 21 25 26 37 32 30 25 29 18 26 21 24 24 18 14 25 13 21 27 30 21
"082_Group82" 14 6 20 14 10 15 13 24 22 17 28 32 22 21 24 29 34 28 21 27 23 28 27 23 20 28 30 24 24 20
"083_Group83" 24 13 12 12 13 15 12 20 19 11 27 23 28 33 21 21 26 26 27 24 32 20 31 31 30 22 28 22 25 31
"084_Group84" 18 28 15 6 6 5 17 11 10 15 13 13 23 27 23 26 27 25 32 28 19 24 17 23 26 21 21 24 25 23
"085_Group85" 18 19 16 12 11 13 10 17 14 22 18 17 26 30 30 27 22 41 29 20 21 21 29 19 29 29 22 27 23 25
"086_Group86" 23 21 8 3 8 14 18 17 17 20 33 29 27 33 36 27 27 32 24 26 29 21 20 22 23 29 27 20 21 22
"087_Group87" 23 18 11 2 7 4 13 14 11 20 21 28 24 31 23 21 14 22 24 25 28 25 24 22 27 18 24 29 20 20
"088_Group88" 17 28 20 20 17 16 22 26 25 21 30 23 25 20 22 31 20 23 29 32 23 20 29 22 19 26 23 19 24 30
"089_Group89" 15 8 10 9 15 16 16 14 10 23 16 24 20 25 21 24 24 24 25 17 25 19 23 26 24 19 23 24 24 25
"090_Group90" 19 17 8 12 21 7 23 15 12 17 17 24 25 26 21 27 21 30 27 22 24 17 12 17 23 32 31 29 32 32
"091_Group91" 15 7 12 15 16 16 20 23 17 33 24 33 23 13 22 20 19 21 29 17 24 27 25 26 28 23 25 22 23 19
"092_Group92" 16 12 10 13 11 11 23 23 20 15 25 18 17 26 27 27 32 25 24 24 30 19 24 30 27 30 34 19 24 17
"093_Group93" 13 21 12 5 4 6 14 13 22 19 25 24 24 22 32 31 26 22 30 23 27 21 21 24 14 27 21 25 31 33
"094_Group94" 18 29 12 4 7 10 13 12 12 16 17 18 26 18 25 19 25 34 31 33 37 23 16 31 23 20 19 23 28 29
"095_Group95" 24 18 11 9 8 12 13 25 24 18 29 23 26 16 22 28 28 24 26 27 28 31 20 20 14 18 24 21 38 19

"<<<<<< Group Activity: Number of wells/group >>>>>>"
Group/Time[m] 2 4 6 8 10 12 14 16 18 20 22 24 26 28 30 32 34 36 38 40 42 44 46 48 50 52 54 56 58 60
"000_Group0" 1 1 1 1 1 1 1 1 1 1 1 1 1 1 1 1 1 1 1 1 1 1 1 1 1 1 1 1 1 1
"001_Group1" 1 1 1 1 1 1 1 1 1 1 1 1 1 1 1 1 1 1 1 1 1 1 1 1 1 1 1 1 1 1
"002_Group2" 1 1 1 1 1 1 1 1 1 1 1 1 1 1 1 1 1 1 1 1 1 1 1 1 1 1 1 1 1 1
"003_Group3" 1 1 1 1 1 1 1 1 1 1 1 1 1 1 1 1 1 1 1 1 1 1 1 1 1 1 1 1 1 1
"004_Group4" 1 1 1 1 1 1 1 1 1 1 1 1 1 1 1 1 1 1 1 1 1 1 1 1 1 1 1 1 1 1
"005_Group5" 1 1 1 1 1 1 1 1 1 1 1 1 1 1 1 1 1 1 1 1 1 1 1 1 1 1 1 1 1 1
"006_Group6" 1 1 1 1 1 1 1 1 1 1 1 1 1 1 1 1 1 1 1 1 1 1 1 1 1 1 1 1 1 1
"007_Group7" 1 1 1 1 1 1 1 1 1 1 1 1 1 1 1 1 1 1 1 1 1 1 1 1 1 1 1 1 1 1
"008_Group8" 1 1 1 1 1 1 1 1 1 1 1 1 1 1 1 1 1 1 1 1 1 1 1 1 1 1 1 1 1 1
"009_Group9" 1 1 1 1 1 1 1 1 1 1 1 1 1 1 1 1 1 1 1 1 1 1 1 1 1 1 1 1 1 1
"010_Group10" 1 1 1 1 1 1 1 1 1 1 1 1 1 1 1 1 1 1 1 1 1 1 1 1 1 1 1 1 1 1
"011_Group11" 1 1 1 1 1 1 1 1 1 1 1 1 1 1 1 1 1 1 1 1 1 1 1 1 1 1 1 1 1 1
"012_Group12" 1 1 1 1 1 1 1 1 1 1 1 1 1 1 1 1 1 1 1 1 1 1 1 1 1 1 1 1 1 1
"013_Group13" 1 1 1 1 1 1 1 1 1 1 1 1 1 1 1 1 1 1 1 1 1 1 1 1 1 1 1 1 1 1
"014_Group14" 1 1 1 1 1 1 1 1 1 1 1 1 1 1 1 1 1 1 1 1 1 1 1 1 1 1 1 1 1 1
"015_Group15" 1 1 1 1 1 1 1 1 1 1 1 1 1 1 1 1 1 1 1 1 1 1 1 1 1 1 1 1 1 1
"016_Group16" 1 1 1 1 1 1 1 1 1 1 1 1 1 1 1 1 1 1 1 1 1 1 1 1 1 1 1 1 1 1
"017_Group17" 1 1 1 1 1 1 1 1 1 1 1 1 1 1 1 1 1 1 1 1 1 1 1 1 1 1 1 1 1 1
"018_Group18" 1 1 1 1 1 1 1 1 1 1 1 1 1 1 1 1 1 1 1 1 1 1 1 1 1 1 1 1 1 1
"019_Group19" 1 1 1 1 1 1 1 1 1 1 1 1 1 1 1 1 1 1 1 1 1 1 1 1 1 1 1 1 1 1
"020_Group20" 1 1 1 1 1 1 1 1 1 1 1 1 1 1 1 1 1 1 1 1 1 1 1 1 1 1 1 1 1 1
"021_Group21" 1 1 1 1 1 1 1 1 1 1 1 1 1 1 1 1 1 1 1 1 1 1 1 1 1 1 1 1 1 1
"022_Group22" 1 1 1 1 1 1 1 1 1 1 1 1 1 1 1 1 1 1 1 1 1 1 1 1 1 1 1 1 1 1
"023_Group23" 1 1 1 1 1 1 1 1 1 1 1 1 1 1 1 1 1 1 1 1 1 1 1 1 1 1 1 1 1 1
"024_Group24" 1 1 1 1 1 1 1 1 1 1 1 1 1 1 1 1 1 1 1 1 1 1 1 1 1 1 1 1 1 1
"025_Group25" 1 1 1 1 1 1 1 1 1 1 1 1 1 1 1 1 1 1 1 1 1 1 1 1 1 1 1 1 1 1
"026_Group26" 1 1 1 1 1 1 1 1 1 1 1 1 1 1 1 1 1 1 1 1 1 1 1 1 1 1 1 1 1 1
"027_Group27" 1 1 1 1 1 1 1 1 1 1 1 1 1 1 1 1 1 1 1 1 1 1 1 1 1 1 1 1 1 1
"028_Group28" 1 1 1 1 1 1 1 1 1 1 1 1 1 1 1 1 1 1 1 1 1 1 1 1 1 1 1 1 1 1
"029_Group29" 1 1 1 1 1 1 1 1 1 1 1 1 1 1 1 1 1 1 1 1 1 1 1 1 1 1 1 1 1 1
"030_Group30" 1 1 1 1 1 1 1 1 1 1 1 1 1 1 1 1 1 1 1 1 1 1 1 1 1 1 1 1 1 1
"031_Group31" 1 1 1 1 1 1 1 1 1 1 1 1 1 1 1 1 1 1 1 1 1 1 1 1 1 1 1 1 1 1
"032_Group32" 1 1 1 1 1 1 1 1 1 1 1 1 1 1 1 1 1 1 1 1 1 1 1 1 1 1 1 1 1 1
"033_Group33" 1 1 1 1 1 1 1 1 1 1 1 1 1 1 1 1 1 1 1 1 1 1 1 1 1 1 1 1 1 1
"034_Group34" 1 1 1 1 1 1 1 1 1 1 1 1 1 1 1 1 1 1 1 1 1 1 1 1 1 1 1 1 1 1
"035_Group35" 1 1 1 1 1 1 1 1 1 1 1 1 1 1 1 1 1 1 1 1 1 1 1 1 1 1 1 1 1 1
"036_Group36" 1 1 1 1 1 1 1 1 1 1 1 1 1 1 1 1 1 1 1 1 1 1 1 1 1 1 1 1 1 1
"037_Group37" 1 1 1 1 1 1 1 1 1 1 1 1 1 1 1 1 1 1 1 1 1 1 1 1 1 1 1 1 1 1
"038_Group38" 1 1 1 1 1 1 1 1 1 1 1 1 1 1 1 1 1 1 1 1 1 1 1 1 1 1 1 1 1 1
"039_Group39" 1 1 1 1 1 1 1 1 1 1 1 1 1 1 1 1 1 1 1 1 1 1 1 1 1 1 1 1 1 1
"040_Group40" 1 1 1 1 1 1 1 1 1 1 1 1 1 1 1 1 1 1 1 1 1 1 1 1 1 1 1 1 1 1
"041_Group41" 1 1 1 1 1 1 1 1 1 1 1 1 1 1 1 1 1 1 1 1 1 1 1 1 1 1 1 1 1 1
"042_Group42" 1 1 1 1 1 1 1 1 1 1 1 1 1 1 1 1 1 1 1 1 1 1 1 1 1 1 1 1 1 1
"043_Group43" 1 1 1 1 1 1 1 1 1 1 1 1 1 1 1 1 1 1 1 1 1 1 1 1 1 1 1 1 1 1
"044_Group44" 1 1 1 1 1 1 1 1 1 1 1 1 1 1 1 1 1 1 1 1 1 1 1 1 1 1 1 1 1 1
"045_Group45" 1 1 1 1 1 1 1 1 1 1 1 1 1 1 1 1 1 1 1 1 1 1 1 1 1 1 1 1 1 1
"046_Group46" 1 1 1 1 1 1 1 1 1 1 1 1 1 1 1 1 1 1 1 1 1 1 1 1 1 1 1 1 1 1
"047_Group47" 1 1 1 1 1 1 1 1 1 1 1 1 1 1 1 1 1 1 1 1 1 1 1 1 1 1 1 1 1 1
"048_Group48" 1 1 1 1 1 1 1 1 1 1 1 1 1 1 1 1 1 1 1 1 1 1 1 1 1 1 1 1 1 1
"049_Group49" 1 1 1 1 1 1 1 1 1 1 1 1 1 1 1 1 1 1 1 1 1 1 1 1 1 1 1 1 1 1
"050_Group50" 1 1 1 1 1 1 1 1 1 1 1 1 1 1 1 1 1 1 1 1 1 1 1 1 1 1 1 1 1 1
"051_Group51" 1 1 1 1 1 1 1 1 1 1 1 1 1 1 1 1 1 1 1 1 1 1 1 1 1 1 1 1 1 1
"052_Group52" 1 1 1 1 1 1 1 1 1 1 1 1 1 1 1 1 1 1 1 1 1 1 1 1 1 1 1 1 1 1
"053_Group53" 1 1 1 1 1 1 1 1 1 1 1 1 1 1 1 1 1 1 1 1 1 1 1 1 1 1 1 1 1 1
"054_Group54" 1 1 1 1 1 1 1 1 1 1 1 1 1 1 1 1 1 1 1 1 1 1 1 1 1 1 1 1 1 1
"055_Group55" 1 1 1 1 1 1 1 1 1 1 1 1 1 1 1 1 1 1 1 1 1 1 1 1 1 1 1 1 1 1
"056_Group56" 1 1 1 1 1 1 1 1 1 1 1 1 1 1 1 1 1 1 1 1 1 1 1 1 1 1 1 1 1 1
"057_Group57" 1 1 1 1 1 1 1 1 1 1 1 1 1 1 1 1 1 1 1 1 1 1 1 1 1 1 1 1 1 1
"058_Group58" 1 1 1 1 1 1 1 1 1 1 1 1 1 1 1 1 1 1 1 1 1 1 1 1 1 1 1 1 1 1
"059_Group59" 1 1 1 1 1 1 1 1 1 1 1 1 1 1 1 1 1 1 1 1 1 1 1 1 1 1 1 1 1 1
"060_Group60" 1 1 1 1 1 1 1 1 1 1 1 1 1 1 1 1 1 1 1 1 1 1 1 1 1 1 1 1 1 1
"061_Group61" 1 1 1 1 1 1 1 1 1 1 1 1 1 1 1 1 1 1 1 1 1 1 1 1 1 1 1 1 1 1
"062_Group62" 1 1 1 1 1 1 1 1 1 1 1 1 1 1 1 1 1 1 1 1 1 1 1 1 1 1 1 1 1 1
"063_Group63" 1 1 1 1 1 1 1 1 1 1 1 1 1 1 1 1 1 1 1 1 1 1 1 1 1 1 1 1 1 1
"064_Group64" 1 1 1 1 1 1 1 1 1 1 1 1 1 1 1 1 1 1 1 1 1 1 1 1 1 1 1 1 1 1
"065_Group65" 1 1 1 1 1 1 1 1 1 1 1 1 1 1 1 1 1 1 1 1 1 1 1 1 1 1 1 1 1 1
"066_Group66" 1 1 1 1 1 1 1 1 1 1 1 1 1 1 1 1 1 1 1 1 1 1 1 1 1 1 1 1 1 1
"067_Group67" 1 1 1 1 1 1 1 1 1 1 1 1 1 1 1 1 1 1 1 1 1 1 1 1 1 1 1 1 1 1
"068_Group68" 1 1 1 1 1 1 1 1 1 1 1 1 1 1 1 1 1 1 1 1 1 1 1 1 1 1 1 1 1 1
"069_Group69" 1 1 1 1 1 1 1 1 1 1 1 1 1 1 1 1 1 1 1 1 1 1 1 1 1 1 1 1 1 1
"070_Group70" 1 1 1 1 1 1 1 1 1 1 1 1 1 1 1 1 1 1 1 1 1 1 1 1 1 1 1 1 1 1
"071_Group71" 1 1 1 1 1 1 1 1 1 1 1 1 1 1 1 1 1 1 1 1 1 1 1 1 1 1 1 1 1 1
"072_Group72" 1 1 1 1 1 1 1 1 1 1 1 1 1 1 1 1 1 1 1 1 1 1 1 1 1 1 1 1 1 1
"073_Group73" 1 1 1 1 1 1 1 1 1 1 1 1 1 1 1 1 1 1 1 1 1 1 1 1 1 1 1 1 1 1
"074_Group74" 1 1 1 1 1 1 1 1 1 1 1 1 1 1 1 1 1 1 1 1 1 1 1 1 1 1 1 1 1 1
"075_Group75" 1 1 1 1 1 1 1 1 1 1 1 1 1 1 1 1 1 1 1 1 1 1 1 1 1 1 1 1 1 1
"076_Group76" 1 1 1 1 1 1 1 1 1 1 1 1 1 1 1 1 1 1 1 1 1 1 1 1 1 1 1 1 1 1
"077_Group77" 1 1 1 1 1 1 1 1 1 1 1 1 1 1 1 1 1 1 1 1 1 1 1 1 1 1 1 1 1 1
"078_Group78" 1 1 1 1 1 1 1 1 1 1 1 1 1 1 1 1 1 1 1 1 1 1 1 1 1 1 1 1 1 1
"079_Group79" 1 1 1 1 1 1 1 1 1 1 1 1 1 1 1 1 1 1 1 1 1 1 1 1 1 1 1 1 1 1
"080_Group80" 1 1 1 1 1 1 1 1 1 1 1 1 1 1 1 1 1 1 1 1 1 1 1 1 1 1 1 1 1 1
"081_Group81" 1 1 1 1 1 1 1 1 1 1 1 1 1 1 1 1 1 1 1 1 1 1 1 1 1 1 1 1 1 1
"082_Group82" 1 1 1 1 1 1 1 1 1 1 1 1 1 1 1 1 1 1 1 1 1 1 1 1 1 1 1 1 1 1
"083_Group83" 1 1 1 1 1 1 1 1 1 1 1 1 1 1 1 1 1 1 1 1 1 1 1 1 1 1 1 1 1 1
"084_Group84" 1 1 1 1 1 1 1 1 1 1 1 1 1 1 1 1 1 1 1 1 1 1 1 1 1 1 1 1 1 1
"085_Group85" 1 1 1 1 1 1 1 1 1 1 1 1 1 1 1 1 1 1 1 1 1 1 1 1 1 1 1 1 1 1
"086_Group86" 1 1 1 1 1 1 1 1 1 1 1 1 1 1 1 1 1 1 1 1 1 1 1 1 1 1 1 1 1 1
"087_Group87" 1 1 1 1 1 1 1 1 1 1 1 1 1 1 1 1 1 1 1 1 1 1 1 1 1 1 1 1 1 1
"088_Group88" 1 1 1 1 1 1 1 1 1 1 1 1 1 1 1 1 1 1 1 1 1 1 1 1 1 1 1 1 1 1
"089_Group89" 1 1 1 1 1 1 1 1 1 1 1 1 1 1 1 1 1 1 1 1 1 1 1 1 1 1 1 1 1 1
"090_Group90" 1 1 1 1 1 1 1 1 1 1 1 1 1 1 1 1 1 1 1 1 1 1 1 1 1 1 1 1 1 1
"091_Group91" 1 1 1 1 1 1 1 1 1 1 1 1 1 1 1 1 1 1 1 1 1 1 1 1 1 1 1 1 1 1
"092_Group92" 1 1 1 1 1 1 1 1 1 1 1 1 1 1 1 1 1 1 1 1 1 1 1 1 1 1 1 1 1 1
"093_Group93" 1 1 1 1 1 1 1 1 1 1 1 1 1 1 1 1 1 1 1 1 1 1 1 1 1 1 1 1 1 1
"094_Group94" 1 1 1 1 1 1 1 1 1 1 1 1 1 1 1 1 1 1 1 1 1 1 1 1 1 1 1 1 1 1
"095_Group95" 1 1 1 1 1 1 1 1 1 1 1 1 1 1 1 1 1 1 1 1 1 1 1 1 1 1 1 1 1 1

"<<<<<< Number of Samples per Acquisition Interval [1unit=500values] >>>>>>"
Time[m] 2 4 6 8 10 12 14 16 18 20 22 24 26 28 30 32 34 36 38 40 42 44 46 48 50 52 54 56 58 60 
#Samples 2 2 2 2 2 2 2 2 2 2 2 2 2 2 2 2 2 2 2 2 2 2 2 2 2 2 2 2 2 2 

"<<<<<< Average Temperature [°C] >>>>>>"
Time[m] 2 4 6 8 10 12 14 16 18 20 22 24 26 28 30 32 34 36 38 40 42 44 46 48 50 52 54 56 58 60 
Temp[°C] 21.1 21.2 21.2 21.1 21.4 21.2 21.4 21.4 21.4 21.4 21.4 21.4 21.4 21.4 21.4 21.4 21.4 21.4 21.4 21.4 21.5 21.6 21.6 21.6 21.6 21.6 21.6 21.6 21.6 21.6 

"<<<<<< Well Activity >>>>>>"
Well Group/Time[m] 2 4 6 8 10 12 14 16 18 20 22 24 26 28 30 32 34 36 38 40 42 44 46 48 50 52 54 56 58 60
A1 "000_Group0" 18 16 14 13 15 15 14 9 19 12 27 30 26 29 42 37 21 15 20 27 24 33 36 29 27 23 25 16 26 20
B1 "001_Group1" 9 23 6 9 23 26 15 21 25 21 23 30 29 20 26 33 27 34 27 30 16 21 21 20 20 26 21 24 29 26
C1 "002_Group2" 11 17 11 11 12 13 20 26 10 16 28 28 29 25 25 30 33 32 18 27 22 22 22 24 27 31 24 22 31 36
D1 "003_Group3" 14 10 7 14 11 14 16 18 22 25 34 24 32 27 19 31 18 26 28 26 25 25 25 21 23 22 15 19 20 25
E1 "004_Group4" 21 9 16 8 14 14 16 15 14 18 20 29 25 23 27 23 28 35 25 27 27 19 24 13 21 26 24 23 23 21
F1 "005_Group5" 17 8 8 10 4 5 13 18 17 19 23 26 23 18 29 27 30 26 20 26 32 24 19 22 20 14 23 21 23 21
G1 "006_Group6" 24 20 10 4 10 10 13 6 16 16 12 19 23 23 29 34 31 29 29 22 24 24 25 25 35 24 23 24 31 36
H1 "007_Group7" 13 29 20 11 13 11 9 11 16 19 23 13 19 27 34 18 27 29 32 40 22 24 35 19 19 16 28 25 24 28
A2 "008_Group8" 1 7 17 21 16 22 13 27 22 21 23 24 23 25 25 27 19 21 27 29 19 21 18 20 21 26 13 22 25 21
B2 "009_Group9" 7 11 9 14 16 10 12 22 20 20 25 28 25 25 34 32 23 21 28 18 23 22 23 18 15 24 25 26 19 18
C2 "010_Group10" 11 18 17 15 9 13 17 17 21 26 24 26 31 31 24 24 24 31 22 31 22 26 34 19 26 23 24 24 24 29
D2 "011_Group11" 14 17 7 15 19 13 22 14 16 22 22 31 21 26 29 31 23 19 27 20 28 25 21 29 34 27 27 24 24 30
E2 "012_Group12" 13 14 6 13 11 14 10 19 20 18 20 26 30 26 32 25 30 28 17 27 27 24 25 23 15 25 21 26 21 28
F2 "013_Group13" 31 17 13 5 14 15 20 15 17 18 31 20 25 24 25 28 21 21 25 24 31 20 20 19 28 30 34 25 16 30
G2 "014_Group14" 23 12 10 10 7 11 20 22 14 14 16 13 22 27 24 28 31 23 23 18 24 34 26 15 22 33 25 31 17 20
H2 "015_Group15" 18 14 8 7 19 14 15 10 15 21 27 28 25 26 23 22 27 16 23 22 14 22 23 18 23 19 17 27 28 13
A3 "016_Group16" 13 17 22 20 15 14 13 20 24 18 27 28 20 30 43 36 41 34 26 25 32 22 37 45 20 30 30 28 22 29
B3 "017_Group17" 15 15 26 26 19 21 13 28 26 25 28 33 19 25 38 30 34 28 19 34 28 28 28 28 37 36 44 30 35 34
C3 "018_Group18" 29 27 19 19 18 33 41 34 28 38 32 40 35 48 40 38 31 29 40 37 28 38 32 23 33 36 33 19 21 25
D3 "019_Group19" 25 42 30 24 21 26 33 43 38 35 34 22 43 25 30 36 30 20 22 31 29 23 20 16 22 22 32 30 29 24
E3 "020_Group20" 16 23 13 11 26 24 15 30 32 27 37 32 37 47 34 37 38 36 14 27 21 17 16 40 22 28 36 26 22 33
F3 "021_Group21" 20 32 25 22 31 28 31 29 21 32 33 34 37 25 35 36 26 41 38 36 15 26 31 23 18 21 20 30 39 32
G3 "022_Group22" 28 29 35 21 9 20 18 20 23 17 26 26 33 33 35 30 32 23 29 23 28 26 30 38 33 33 34 37 33 31
H3 "023_Group23" 29 20 15 11 16 13 20 19 29 38 44 45 40 36 42 32 38 32 36 41 28 25 36 31 28 33 21 16 21 21
A4 "024_Group24" 8 11 12 6 15 19 14 11 16 18 25 27 26 23 26 23 24 28 19 18 21 31 32 28 23 20 17 27 32 23
B4 "025_Group25" 12 10 9 12 13 19 14 21 20 29 26 25 28 24 24 27 28 24 29 25 24 22 25 24 25 26 20 22 24 15
C4 "026_Group26" 15 14 18 14 20 20 15 17 22 26 25 20 22 22 18 28 21 32 17 17 20 23 21 32 23 23 22 34 22 21
D4 "027_Group27" 8 12 13 11 10 14 14 12 8 22 20 27 26 24 30 18 28 36 30 31 25 27 20 24 28 38 22 29 13 14
E4 "028_Group28" 12 5 15 15 19 25 15 22 13 22 16 20 25 29 24 22 22 16 25 20 23 24 19 24 34 27 33 24 22 9
F4 "029_Group29" 32 22 11 13 10 21 20 23 28 16 17 16 18 21 20 26 24 25 23 32 27 24 22 24 21 15 18 21 15 20
G4 "030_Group30" 17 30 8 14 5 12 17 14 14 15 10 12 20 27 31 23 25 24 30 28 19 20 23 20 22 17 16 12 17 14
H4 "031_Group31" 18 25 11 17 14 16 16 17 18 15 25 27 28 26 18 19 23 23 30 21 18 23 17 24 17 29 22 26 26 24
A5 "032_Group32" 18 21 28 10 19 18 35 38 36 44 38 30 23 27 27 30 39 43 39 22 27 23 20 25 14 15 22 17 27 36
B5 "033_Group33" 19 13 20 15 36 29 24 26 21 29 47 33 31 30 40 22 38 33 23 24 15 25 21 21 19 22 22 30 24 15
C5 "034_Group34" 21 30 15 24 21 29 36 32 36 30 34 28 33 27 22 20 26 31 40 23 22 19 30 28 31 16 22 22 20 20
D5 "035_Group35" 16 21 24 20 17 20 25 22 37 29 41 28 33 39 39 30 34 30 45 34 39 33 29 45 23 47 28 25 30 32
E5 "036_Group36" 29 28 31 28 22 23 13 27 33 39 39 26 41 39 27 31 25 24 29 35 28 28 25 28 34 38 26 32 25 15
F5 "037_Group37" 28 23 25 15 10 26 44 38 47 31 50 45 38 40 31 32 26 41 29 33 35 33 30 37 34 39 27 25 31 25
G5 "038_Group38" 33 31 24 26 11 14 14 17 20 28 37 28 46 37 36 38 41 43 38 35 34 36 21 35 28 26 23 24 40 37
H5 "039_Group39" 18 26 17 22 33 30 35 32 28 27 28 41 39 38 29 22 28 33 29 26 27 30 39 28 26 23 22 21 29 29
A6 "040_Group40" 18 9 8 14 15 13 18 28 26 33 29 36 31 25 24 21 28 38 20 20 16 24 29 24 26 24 21 24 29 25
B6 "041_Group41" 4 7 9 20 17 18 18 12 27 20 33 30 28 22 24 29 35 19 26 39 26 33 33 24 29 29 23 27 32 23
C6 "042_Group42" 19 5 11 10 11 14 16 14 22 23 34 35 24 28 19 21 36 30 33 21 21 24 26 28 33 28 31 32 37 28
D6 "043_Group43" 13 17 4 6 14 13 16 17 21 17 26 35 28 27 26 29 25 26 27 29 24 25 31 29 31 32 28 23 32 31
E6 "044_Group44" 18 17 9 11 12 16 12 13 22 14 30 28 22 34 33 19 38 33 25 19 35 26 37 35 31 30 21 33 31 33
F6 "045_Group45" 26 12 11 3 14 19 16 16 13 17 23 27 29 20 24 20 23 23 22 24 30 31 33 24 26 28 24 28 24 20
G6 "046_Group46" 27 24 16 10 11 13 12 14 14 14 17 33 26 26 35 23 27 30 27 23 26 28 21 29 24 26 19 21 27 13
H6 "047_Group47" 28 25 17 17 7 13 15 9 23 19 24 32 21 20 36 28 31 24 33 25 28 24 26 29 26 31 24 25 37 33
A7 "048_Group48" 15 12 21 29 23 18 15 22 24 42 22 21 37 26 35 24 24 31 23 24 27 16 12 29 35 21 28 25 31 30
B7 "049_Group49" 20 7 3 10 13 18 20 16 21 21 31 26 38 17 31 30 26 29 31 25 17 25 26 30 29 28 24 37 28 25
C7 "050_Group50" 10 6 11 15 13 22 9 17 24 23 32 33 33 32 27 29 33 21 31 21 24 22 33 23 30 35 28 31 29 27
D7 "051_Group51" 22 18 16 30 17 17 29 26 36 26 35 37 28 30 30 33 29 35 20 22 23 30 33 24 35 24 32 35 37 28
E7 "052_Group52" 16 20 13 12 5 24 20 31 34 19 17 34 24 21 20 25 21 27 24 19 23 35 30 27 20 17 27 29 22 22
F7 "053_Group53" 26 24 12 15 7 10 22 19 18 11 27 34 35 26 32 17 20 17 23 18 28 25 27 22 30 28 26 27 25 27
G7 "054_Group54" 20 22 20 4 4 7 11 18 23 19 22 22 32 28 30 26 29 29 26 16 16 21 27 20 22 23 26 30 25 21
H7 "055_Group55" 26 20 11 9 7 8 13 23 16 29 31 31 32 25 29 25 35 27 21 23 20 22 19 20 23 25 28 29 33 31
A8 "056_Group56" 10 24 21 12 19 17 18 13 8 31 25 32 25 25 25 30 21 28 21 24 27 29 23 25 19 30 22 17 33 29
B8 "057_Group57" 16 17 13 12 14 20 18 19 13 22 19 23 24 27 25 24 27 22 23 30 32 34 26 17 17 26 25 23 19 24
C8 "058_Group58" 23 14 20 17 16 18 20 16 15 25 23 27 31 25 23 27 29 32 31 23 33 19 22 33 14 14 22 20 24 17
D8 "059_Group59" 21 14 21 24 12 16 16 18 16 22 16 23 33 33 32 24 21 31 25 25 25 22 22 33 28 24 20 25 26 20
E8 "060_Group60" 15 24 15 13 12 15 12 23 20 16 19 25 31 27 21 33 27 27 32 12 28 21 20 19 23 24 15 13 20 18
F8 "061_Group61" 12 20 10 9 18 13 15 9 13 16 18 25 27 33 25 30 21 36 32 25 26 22 26 21 25 28 21 26 21 24
G8 "062_Group62" 15 16 16 18 14 11 17 12 17 13 19 19 20 15 18 20 31 22 21 17 16 25 14 15 25 21 25 33 36 25
H8 "063_Group63" 11 21 9 5 2 9 9 13 18 17 15 19 14 21 25 29 20 18 21 19 24 20 26 21 27 30 21 18 25 27
A9 "064_Group64" 8 13 6 13 13 13 13 13 26 30 23 26 12 23 27 26 27 23 15 17 23 21 20 19 17 23 32 29 25 29
B9 "065_Group65" 14 21 14 19 12 11 7 19 24 23 29 33 37 32 31 28 27 26 27 35 29 33 26 35 33 32 39 24 22 30
C9 "066_Group66" 9 8 3 7 12 20 19 24 18 28 26 24 30 29 27 27 25 25 21 28 41 29 19 23 21 19 28 24 24 33
D9 "067_Group67" 8 6 11 14 24 22 18 22 26 35 33 36 40 38 29 32 31 37 19 30 32 20 25 42 42 23 26 23 32 29
E9 "068_Group68" 25 5 9 9 7 15 19 23 27 42 32 30 25 36 26 37 33 30 31 31 28 20 24 23 29 28 28 24 25 25
F9 "069_Group69" 31 19 17 11 32 15 13 21 21 15 21 18 22 28 25 34 26 25 24 31 25 33 27 21 21 28 32 26 29 15
G9 "070_Group70" 14 18 6 4 10 8 13 15 18 17 16 30 28 32 27 34 28 25 31 33 25 27 28 20 30 31 30 24 19 27
H9 "071_Group71" 10 21 17 11 18 12 10 13 15 15 22 27 29 27 19 23 32 27 30 25 26 18 28 23 36 24 29 27 23 35
A10 "072_Group72" 15 15 21 23 13 7 29 29 27 36 28 33 38 29 23 27 23 34 34 26 39 42 42 41 33 42 46 45 25 22
B10 "073_Group73" 7 9 17 9 22 22 18 29 21 36 35 39 40 38 28 35 41 25 28 37 39 28 29 36 26 22 22 39 30 27
C10 "074_Group74" 16 25 26 16 21 22 25 21 12 31 37 30 24 32 29 19 31 24 18 14 24 18 43 25 27 24 31 23 20 30
D10 "075_Group75" 19 25 9 18 25 17 22 37 21 31 34 28 32 33 29 18 31 34 20 19 22 28 31 35 41 23 29 31 21 19
E10 "076_Group76" 27 25 32 30 40 22 26 39 33 36 33 40 17 23 33 29 21 38 23 30 30 24 29 37 25 22 15 11 24 29
F10 "077_Group77" 27 24 24 23 27 53 29 19 45 37 26 36 35 34 41 37 28 30 40 30 32 26 23 27 25 23 22 25 19 20
G10 "078_Group78" 27 30 10 4 19 15 22 18 27 25 24 37 35 37 33 37 35 33 37 32 29 30 26 29 26 33 40 34 26 19
H10 "079_Group79" 16 33 27 35 32 23 24 28 23 35 29 23 23 42 28 38 40 40 33 29 21 35 31 33 28 29 26 16 23 24
A11 "080_Group80" 25 25 20 17 13 15 21 24 24 24 19 25 26 23 20 18 29 22 29 18 32 25 29 25 30 20 29 29 28 15
B11 "081_Group81" 14 8 10 15 13 19 16 18 21 21 25 26 37 32 30 25 29 18 26 21 24 24 18 14 25 13 21 27 30 21
C11 "082_Group82" 14 6 20 14 10 15 13 24 22 17 28 32 22 21 24 29 34 28 21 27 23 28 27 23 20 28 30 24 24 20
D11 "083_Group83" 24 13 12 12 13 15 12 20 19 11 27 23 28 33 21 21 26 26 27 24 32 20 31 31 30 22 28 22 25 31
E11 "084_Group84" 18 28 15 6 6 5 17 11 10 15 13 13 23 27 23 26 27 25 32 28 19 24 17 23 26 21 21 24 25 23
F11 "085_Group85" 18 19 16 12 11 13 10 17 14 22 18 17 26 30 30 27 22 41 29 20 21 21 29 19 29 29 22 27 23 25
G11 "086_Group86" 23 21 8 3 8 14 18 17 17 20 33 29 27 33 36 27 27 32 24 26 29 21 20 22 23 29 27 20 21 22
H11 "087_Group87" 23 18 11 2 7 4 13 14 11 20 21 28 24 31 23 21 14 22 24 25 28 25 24 22 27 18 24 29 20 20
A12 "088_Group88" 17 28 20 20 17 16 22 26 25 21 30 23 25 20 22 31 20 23 29 32 23 20 29 22 19 26 23 19 24 30
B12 "089_Group89" 15 8 10 9 15 16 16 14 10 23 16 24 20 25 21 24 24 24 25 17 25 19 23 26 24 19 23 24 24 25
C12 "090_Group90" 19 17 8 12 21 7 23 15 12 17 17 24 25 26 21 27 21 30 27 22 24 17 12 17 23 32 31 29 32 32
D12 "091_Group91" 15 7 12 15 16 16 20 23 17 33 24 33 23 13 22 20 19 21 29 17 24 27 25 26 28 23 25 22 23 19
E12 "092_Group92" 16 12 10 13 11 11 23 23 20 15 25 18 17 26 27 27 32 25 24 24 30 19 24 30 27 30 34 19 24 17
F12 "093_Group93" 13 21 12 5 4 6 14 13 22 19 25 24 24 22 32 31 26 22 30 23 27 21 21 24 14 27 21 25 31 33
G12 "094_Group94" 18 29 12 4 7 10 13 12 12 16 17 18 26 18 25 19 25 34 31 33 37 23 16 31 23 20 19 23 28 29
H12 "095_Group95" 24 18 11 9 8 12 13 25 24 18 29 23 26 16 22 28 28 24 26 27 28 31 20 20 14 18 24 21 38 19

"<<<<<< Channel Activity >>>>>>"
Channel Well Group/Time[m] 2 4 6 8 10 12 14 16 18 20 22 24 26 28 30 32 34 36 38 40 42 44 46 48 50 52 54 56 58 60
CH0 A1.0 "000_Group0" 18 16 14 13 15 15 14 9 19 12 27 30 26 29 42 37 21 15 20 27 24 33 36 29 27 23 25 16 26 20
CH2 B1.0 "001_Group1" 9 23 6 9 23 26 15 21 25 21 23 30 29 20 26 33 27 34 27 30 16 21 21 20 20 26 21 24 29 26
CH4 C1.0 "002_Group2" 11 17 11 11 12 13 20 26 10 16 28 28 29 25 25 30 33 32 18 27 22 22 22 24 27 31 24 22 31 36
CH6 D1.0 "003_Group3" 14 10 7 14 11 14 16 18 22 25 34 24 32 27 19 31 18 26 28 26 25 25 25 21 23 22 15 19 20 25
CH8 E1.0 "004_Group4" 21 9 16 8 14 14 16 15 14 18 20 29 25 23 27 23 28 35 25 27 27 19 24 13 21 26 24 23 23 21
CH10 F1.0 "005_Group5" 17 8 8 10 4 5 13 18 17 19 23 26 23 18 29 27 30 26 20 26 32 24 19 22 20 14 23 21 23 21
CH12 G1.0 "006_Group6" 24 20 10 4 10 10 13 6 16 16 12 19 23 23 29 34 31 29 29 22 24 24 25 25 35 24 23 24 31 36
CH14 H1.0 "007_Group7" 13 29 20 11 13 11 9 11 16 19 23 13 19 27 34 18 27 29 32 40 22 24 35 19 19 16 28 25 24 28
CH32 A2.0 "008_Group8" 1 7 17 21 16 22 13 27 22 21 23 24 23 25 25 27 19 21 27 29 19 21 18 20 21 26 13 22 25 21
CH34 B2.0 "009_Group9" 7 11 9 14 16 10 12 22 20 20 25 28 25 25 34 32 23 21 28 18 23 22 23 18 15 24 25 26 19 18
CH36 C2.0 "010_Group10" 11 18 17 15 9 13 17 17 21 26 24 26 31 31 24 24 24 31 22 31 22 26 34 19 26 23 24 24 24 29
CH38 D2.0 "011_Group11" 14 17 7 15 19 13 22 14 16 22 22 31 21 26 29 31 23 19 27 20 28 25 21 29 34 27 27 24 24 30
CH40 E2.0 "012_Group12" 13 14 6 13 11 14 10 19 20 18 20 26 30 26 32 25 30 28 17 27 27 24 25 23 15 25 21 26 21 28
CH42 F2.0 "013_Group13" 31 17 13 5 14 15 20 15 17 18 31 20 25 24 25 28 21 21 25 24 31 20 20 19 28 30 34 25 16 30
CH44 G2.0 "014_Group14" 23 12 10 10 7 11 20 22 14 14 16 13 22 27 24 28 31 23 23 18 24 34 26 15 22 33 25 31 17 20
CH46 H2.0 "015_Group15" 18 14 8 7 19 14 15 10 15 21 27 28 25 26 23 22 27 16 23 22 14 22 23 18 23 19 17 27 28 13
CH64 A3.0 "016_Group16" 13 17 22 20 15 14 13 20 24 18 27 28 20 30 43 36 41 34 26 25 32 22 37 45 20 30 30 28 22 29
CH66 B3.0 "017_Group17" 15 15 26 26 19 21 13 28 26 25 28 33 19 25 38 30 34 28 19 34 28 28 28 28 37 36 44 30 35 34
CH68 C3.0 "018_Group18" 29 27 19 19 18 33 41 34 28 38 32 40 35 48 40 38 31 29 40 37 28 38 32 23 33 36 33 19 21 25
CH70 D3.0 "019_Group19" 25 42 30 24 21 26 33 43 38 35 34 22 43 25 30 36 30 20 22 31 29 23 20 16 22 22 32 30 29 24
CH72 E3.0 "020_Group20" 16 23 13 11 26 24 15 30 32 27 37 32 37 47 34 37 38 36 14 27 21 17 16 40 22 28 36 26 22 33
CH74 F3.0 "021_Group21" 20 32 25 22 31 28 31 29 21 32 33 34 37 25 35 36 26 41 38 36 15 26 31 23 18 21 20 30 39 32
CH76 G3.0 "022_Group22" 28 29 35 21 9 20 18 20 23 17 26 26 33 33 35 30 32 23 29 23 28 26 30 38 33 33 34 37 33 31
CH78 H3.0 "023_Group23" 29 20 15 11 16 13 20 19 29 38 44 45 40 36 42 32 38 32 36 41 28 25 36 31 28 33 21 16 21 21
CH96 A4.0 "024_Group24" 8 11 12 6 15 19 14 11 16 18 25 27 26 23 26 23 24 28 19 18 21 31 32 28 23 20 17 27 32 23
CH98 B4.0 "025_Group25" 12 10 9 12 13 19 14 21 20 29 26 25 28 24 24 27 28 24 29 25 24 22 25 24 25 26 20 22 24 15
CH100 C4.0 "026_Group26" 15 14 18 14 20 20 15 17 22 26 25 20 22 22 18 28 21 32 17 17 20 23 21 32 23 23 22 34 22 21
CH102 D4.0 "027_Group27" 8 12 13 11 10 14 14 12 8 22 20 27 26 24 30 18 28 36 30 31 25 27 20 24 28 38 22 29 13 14
CH104 E4.0 "028_Group28" 12 5 15 15 19 25 15 22 13 22 16 20 25 29 24 22 22 16 25 20 23 24 19 24 34 27 33 24 22 9
CH106 F4.0 "029_Group29" 32 22 11 13 10 21 20 23 28 16 17 16 18 21 20 26 24 25 23 32 27 24 22 24 21 15 18 21 15 20
CH108 G4.0 "030_Group30" 17 30 8 14 5 12 17 14 14 15 10 12 20 27 31 23 25 24 30 28 19 20 23 20 22 17 16 12 17 14
CH110 H4.0 "031_Group31" 18 25 11 17 14 16 16 17 18 15 25 27 28 26 18 19 23 23 30 21 18 23 17 24 17 29 22 26 26 24
CH128 A5.0 "032_Group32" 18 21 28 10 19 18 35 38 36 44 38 30 23 27 27 30 39 43 39 22 27 23 20 25 14 15 22 17 27 36
CH130 B5.0 "033_Group33" 19 13 20 15 36 29 24 26 21 29 47 33 31 30 40 22 38 33 23 24 15 25 21 21 19 22 22 30 24 15
CH132 C5.0 "034_Group34" 21 30 15 24 21 29 36 32 36 30 34 28 33 27 22 20 26 31 40 23 22 19 30 28 31 16 22 22 20 20
CH134 D5.0 "035_Group35" 16 21 24 20 17 20 25 22 37 29 41 28 33 39 39 30 34 30 45 34 39 33 29 45 23 47 28 25 30 32
CH136 E5.0 "036_Group36" 29 28 31 28 22 23 13 27 33 39 39 26 41 39 27 31 25 24 29 35 28 28 25 28 34 38 26 32 25 15
CH138 F5.0 "037_Group37" 28 23 25 15 10 26 44 38 47 31 50 45 38 40 31 32 26 41 29 33 35 33 30 37 34 39 27 25 31 25
CH140 G5.0 "038_Group38" 33 31 24 26 11 14 14 17 20 28 37 28 46 37 36 38 41 43 38 35 34 36 21 35 28 26 23 24 40 37
CH142 H5.0 "039_Group39" 18 26 17 22 33 30 35 32 28 27 28 41 39 38 29 22 28 33 29 26 27 30 39 28 26 23 22 21 29 29
CH160 A6.0 "040_Group40" 18 9 8 14 15 13 18 28 26 33 29 36 31 25 24 21 28 38 20 20 16 24 29 24 26 24 21 24 29 25
CH162 B6.0 "041_Group41" 4 7 9 20 17 18 18 12 27 20 33 30 28 22 24 29 35 19 26 39 26 33 33 24 29 29 23 27 32 23
CH164 C6.0 "042_Group42" 19 5 11 10 11 14 16 14 22 23 34 35 24 28 19 21 36 30 33 21 21 24 26 28 33 28 31 32 37 28
CH166 D6.0 "043_Group43" 13 17 4 6 14 13 16 17 21 17 26 35 28 27 26 29 25 26 27 29 24 25 31 29 31 32 28 23 32 31
CH168 E6.0 "044_Group44" 18 17 9 11 12 16 12 13 22 14 30 28 22 34 33 19 38 33 25 19 35 26 37 35 31 30 21 33 31 33
CH170 F6.0 "045_Group45" 26 12 11 3 14 19 16 16 13 17 23 27 29 20 24 20 23 23 22 24 30 31 33 24 26 28 24 28 24 20
CH172 G6.0 "046_Group46" 27 24 16 10 11 13 12 14 14 14 17 33 26 26 35 23 27 30 27 23 26 28 21 29 24 26 19 21 27 13
CH174 H6.0 "047_Group47" 28 25 17 17 7 13 15 9 23 19 24 32 21 20 36 28 31 24 33 25 28 24 26 29 26 31 24 25 37 33
CH192 A7.0 "048_Group48" 15 12 21 29 23 18 15 22 24 42 22 21 37 26 35 24 24 31 23 24 27 16 12 29 35 21 28 25 31 30
CH194 B7.0 "049_Group49" 20 7 3 10 13 18 20 16 21 21 31 26 38 17 31 30 26 29 31 25 17 25 26 30 29 28 24 37 28 25
CH196 C7.0 "050_Group50" 10 6 11 15 13 22 9 17 24 23 32 33 33 32 27 29 33 21 31 21 24 22 33 23 30 35 28 31 29 27
CH198 D7.0 "051_Group51" 22 18 16 30 17 17 29 26 36 26 35 37 28 30 30 33 29 35 20 22 23 30 33 24 35 24 32 35 37 28
CH200 E7.0 "052_Group52" 16 20 13 12 5 24 20 31 34 19 17 34 24 21 20 25 21 27 24 19 23 35 30 27 20 17 27 29 22 22
CH202 F7.0 "053_Group53" 26 24 12 15 7 10 22 19 18 11 27 34 35 26 32 17 20 17 23 18 28 25 27 22 30 28 26 27 25 27
CH204 G7.0 "054_Group54" 20 22 20 4 4 7 11 18 23 19 22 22 32 28 30 26 29 29 26 16 16 21 27 20 22 23 26 30 25 21
CH206 H7.0 "055_Group55" 26 20 11 9 7 8 13 23 16 29 31 31 32 25 29 25 35 27 21 23 20 22 19 20 23 25 28 29 33 31
CH224 A8.0 "056_Group56" 10 24 21 12 19 17 18 13 8 31 25 32 25 25 25 30 21 28 21 24 27 29 23 25 19 30 22 17 33 29
CH226 B8.0 "057_Group57" 16 17 13 12 14 20 18 19 13 22 19 23 24 27 25 24 27 22 23 30 32 34 26 17 17 26 25 23 19 24
CH228 C8.0 "058_Group58" 23 14 20 17 16 18 20 16 15 25 23 27 31 25 23 27 29 32 31 23 33 19 22 33 14 14 22 20 24 17
CH230 D8.0 "059_Group59" 21 14 21 24 12 16 16 18 16 22 16 23 33 33 32 24 21 31 25 25 25 22 22 33 28 24 20 25 26 20
CH232 E8.0 "060_Group60" 15 24 15 13 12 15 12 23 20 16 19 25 31 27 21 33 27 27 32 12 28 21 20 19 23 24 15 13 20 18
CH234 F8.0 "061_Group61" 12 20 10 9 18 13 15 9 13 16 18 25 27 33 25 30 21 36 32 25 26 22 26 21 25 28 21 26 21 24
CH236 G8.0 "062_Group62" 15 16 16 18 14 11 17 12 17 13 19 19 20 15 18 20 31 22 21 17 16 25 14 15 25 21 25 33 36 25
CH238 H8.0 "063_Group63" 11 21 9 5 2 9 9 13 18 17 15 19 14 21 25 29 20 18 21 19 24 20 26 21 27 30 21 18 25 27
CH256 A9.0 "064_Group64" 8 13 6 13 13 13 13 13 26 30 23 26 12 23 27 26 27 23 15 17 23 21 20 19 17 23 32 29 25 29
CH258 B9.0 "065_Group65" 14 21 14 19 12 11 7 19 24 23 29 33 37 32 31 28 27 26 27 35 29 33 26 35 33 32 39 24 22 30
CH260 C9.0 "066_Group66" 9 8 3 7 12 20 19 24 18 28 26 24 30 29 27 27 25 25 21 28 41 29 19 23 21 19 28 24 24 33
CH262 D9.0 "067_Group67" 8 6 11 14 24 22 18 22 26 35 33 36 40 38 29 32 31 37 19 30 32 20 25 42 42 23 26 23 32 29
CH264 E9.0 "068_Group68" 25 5 9 9 7 15 19 23 27 42 32 30 25 36 26 37 33 30 31 31 28 20 24 23 29 28 28 24 25 25
CH266 F9.0 "069_Group69" 31 19 17 11 32 15 13 21 21 15 21 18 22 28 25 34 26 25 24 31 25 33 27 21 21 28 32 26 29 15
CH268 G9.0 "070_Group70" 14 18 6 4 10 8 13 15 18 17 16 30 28 32 27 34 28 25 31 33 25 27 28 20 30 31 30 24 19 27
CH270 H9.0 "071_Group71" 10 21 17 11 18 12 10 13 15 15 22 27 29 27 19 23 32 27 30 25 26 18 28 23 36 24 29 27 23 35
CH288 A10.0 "072_Group72" 15 15 21 23 13 7 29 29 27 36 28 33 38 29 23 27 23 34 34 26 39 42 42 41 33 42 46 45 25 22
CH290 B10.0 "073_Group73" 7 9 17 9 22 22 18 29 21 36 35 39 40 38 28 35 41 25 28 37 39 28 29 36 26 22 22 39 30 27
CH292 C10.0 "074_Group74" 16 25 26 16 21 22 25 21 12 31 37 30 24 32 29 19 31 24 18 14 24 18 43 25 27 24 31 23 20 30
CH294 D10.0 "075_Group75" 19 25 9 18 25 17 22 37 21 31 34 28 32 33 29 18 31 34 20 19 22 28 31 35 41 23 29 31 21 19
CH296 E10.0 "076_Group76" 27 25 32 30 40 22 26 39 33 36 33 40 17 23 33 29 21 38 23 30 30 24 29 37 25 22 15 11 24 29
CH298 F10.0 "077_Group77" 27 24 24 23 27 53 29 19 45 37 26 36 35 34 41 37 28 30 40 30 32 26 23 27 25 23 22 25 19 20
CH300 G10.0 "078_Group78" 27 30 10 4 19 15 22 18 27 25 24 37 35 37 33 37 35 33 37 32 29 30 26 29 26 33 40 34 26 19
CH302 H10.0 "079_Group79" 16 33 27 35 32 23 24 28 23 35 29 23 23 42 28 38 40 40 33 29 21 35 31 33 28 29 26 16 23 24
CH320 A11.0 "080_Group80" 25 25 20 17 13 15 21 24 24 24 19 25 26 23 20 18 29 22 29 18 32 25 29 25 30 20 29 29 28 15
CH322 B11.0 "081_Group81" 14 8 10 15 13 19 16 18 21 21 25 26 37 32 30 25 29 18 26 21 24 24 18 14 25 13 21 27 30 21
CH324 C11.0 "082_Group82" 14 6 20 14 10 15 13 24 22 17 28 32 22 21 24 29 34 28 21 27 23 28 27 23 20 28 30 24 24 20
CH326 D11.0 "083_Group83" 24 13 12 12 13 15 12 20 19 11 27 23 28 33 21 21 26 26 27 24 32 20 31 31 30 22 28 22 25 31
CH328 E11.0 "084_Group84" 18 28 15 6 6 5 17 11 10 15 13 13 23 27 23 26 27 25 32 28 19 24 17 23 26 21 21 24 25 23
CH330 F11.0 "085_Group85" 18 19 16 12 11 13 10 17 14 22 18 17 26 30 30 27 22 41 29 20 21 21 29 19 29 29 22 27 23 25
CH332 G11.0 "086_Group86" 23 21 8 3 8 14 18 17 17 20 33 29 27 33 36 27 27 32 24 26 29 21 20 22 23 29 27 20 21 22
CH334 H11.0 "087_Group87" 23 18 11 2 7 4 13 14 11 20 21 28 24 31 23 21 14 22 24 25 28 25 24 22 27 18 24 29 20 20
CH352 A12.0 "088_Group88" 17 28 20 20 17 16 22 26 25 21 30 23 25 20 22 31 20 23 29 32 23 20 29 22 19 26 23 19 24 30
CH354 B12.0 "089_Group89" 15 8 10 9 15 16 16 14 10 23 16 24 20 25 21 24 24 24 25 17 25 19 23 26 24 19 23 24 24 25
CH356 C12.0 "090_Group90" 19 17 8 12 21 7 23 15 12 17 17 24 25 26 21 27 21 30 27 22 24 17 12 17 23 32 31 29 32 32
CH358 D12.0 "091_Group91" 15 7 12 15 16 16 20 23 17 33 24 33 23 13 22 20 19 21 29 17 24 27 25 26 28 23 25 22 23 19
CH360 E12.0 "092_Group92" 16 12 10 13 11 11 23 23 20 15 25 18 17 26 27 27 32 25 24 24 30 19 24 30 27 30 34 19 24 17
CH362 F12.0 "093_Group93" 13 21 12 5 4 6 14 13 22 19 25 24 24 22 32 31 26 22 30 23 27 21 21 24 14 27 21 25 31 33
CH364 G12.0 "094_Group94" 18 29 12 4 7 10 13 12 12 16 17 18 26 18 25 19 25 34 31 33 37 23 16 31 23 20 19 23 28 29
CH366 H12.0 "095_Group95" 24 18 11 9 8 12 13 25 24 18 29 23 26 16 22 28 28 24 26 27 28 31 20 20 14 18 24 21 38 19
