"DATE:" "3/2/2015 12:04:07 PM"
"FILE:" "C:\Users\AndersenLab\Desktop\wmicrotracker\p00011\20150302_1103"
"SUBPROJECT:" "20150302_albendazole"

"<<<<<< Group Activity: Average Activity Counts per Data Interval>>>>>>"
Group/Time[m] 2 4 6 8 10 12 14 16 18 20 22 24 26 28 30 32 34 36 38 40 42 44 46 48 50 52 54 56 58 60
"000_Group0" 25 14 33 28 24 27 28 26 18 26 26 31 26 30 29 25 24 25 25 26 34 35 31 23 29 23 26 25 28 22
"001_Group1" 10 27 20 23 30 12 23 28 33 39 37 40 30 28 35 28 24 28 26 26 31 28 25 26 37 35 34 27 24 20
"002_Group2" 18 27 21 23 31 23 25 30 26 30 22 31 35 34 29 23 16 25 16 24 31 22 27 28 19 22 19 18 23 31
"003_Group3" 21 22 18 12 28 16 12 21 18 11 26 21 25 27 27 21 27 19 25 25 22 23 26 15 24 27 23 27 23 23
"004_Group4" 19 23 34 29 21 23 17 23 21 26 23 25 34 30 20 31 26 23 16 21 22 18 20 19 18 20 15 16 26 22
"005_Group5" 34 25 20 25 29 30 14 20 29 30 19 21 27 22 23 23 28 27 23 23 23 23 30 27 27 29 30 23 18 17
"006_Group6" 25 32 31 25 32 23 25 28 31 24 25 21 18 37 31 19 25 25 15 17 18 22 20 22 19 25 30 21 26 27
"007_Group7" 23 30 29 22 28 23 26 26 17 15 26 26 27 22 28 31 19 22 27 20 30 36 23 32 22 25 19 28 19 26
"008_Group8" 14 18 18 15 16 27 21 21 19 21 11 17 18 21 26 25 18 21 24 21 18 23 20 24 19 24 24 17 17 16
"009_Group9" 29 20 23 17 22 24 24 23 14 22 27 20 18 20 21 23 26 24 23 24 14 16 24 25 18 21 18 18 17 13
"010_Group10" 25 31 27 22 30 23 23 23 27 26 22 21 31 26 26 26 32 28 24 17 22 32 25 21 29 19 24 22 17 26
"011_Group11" 11 27 18 22 14 22 25 19 18 20 21 21 25 36 30 29 19 19 20 21 21 22 24 21 28 30 27 25 33 22
"012_Group12" 21 25 22 22 17 26 19 24 25 26 19 26 32 28 28 24 18 22 17 18 26 30 30 20 23 28 20 26 22 22
"013_Group13" 22 31 28 30 26 23 20 22 24 19 32 29 31 22 27 28 32 27 20 19 34 25 20 28 24 27 26 29 22 30
"014_Group14" 20 32 27 24 25 23 30 22 20 19 23 21 20 24 21 19 23 24 18 17 28 21 35 32 22 19 15 23 19 14
"015_Group15" 31 28 23 24 20 17 26 22 21 26 22 24 22 22 26 22 21 26 19 29 20 27 27 24 25 24 23 21 21 16
"016_Group16" 24 34 31 34 28 34 26 17 30 33 32 38 32 25 31 38 44 33 44 29 31 36 21 22 30 22 25 36 29 49
"017_Group17" 21 1 2 16 7 9 22 22 16 26 40 37 33 32 22 21 36 40 46 46 24 23 25 43 35 23 28 25 38 20
"018_Group18" 25 33 35 44 35 40 17 30 32 47 38 44 32 36 25 28 25 26 34 31 21 19 16 30 45 26 19 29 38 32
"019_Group19" 29 37 33 7 29 39 35 29 36 47 28 29 33 26 35 30 35 33 21 25 27 29 26 29 28 23 30 24 22 26
"020_Group20" 15 32 27 21 24 11 17 25 26 32 29 27 33 26 29 19 24 30 31 44 41 36 32 30 29 33 31 19 21 20
"021_Group21" 21 52 38 27 42 26 17 28 37 36 35 41 30 33 41 37 41 43 37 42 31 30 36 32 22 23 20 26 18 23
"022_Group22" 36 20 18 16 3 5 14 10 39 25 28 32 38 34 31 34 38 41 42 31 31 33 25 39 42 36 45 28 33 23
"023_Group23" 24 27 17 23 28 22 34 23 18 36 47 34 35 29 35 37 18 30 28 30 36 37 33 28 29 34 27 23 26 30
"024_Group24" 13 24 22 19 20 19 21 18 22 10 20 27 25 29 32 17 16 25 19 24 28 22 32 39 30 22 23 20 20 29
"025_Group25" 20 29 24 26 30 27 22 24 27 29 21 21 18 21 26 13 18 16 19 19 17 21 15 20 27 23 22 23 20 23
"026_Group26" 16 31 32 31 32 23 30 26 26 23 16 26 22 25 30 25 23 22 25 20 20 16 16 18 27 25 22 18 17 19
"027_Group27" 29 34 25 33 23 27 23 17 17 23 21 28 24 26 24 25 19 23 23 18 18 37 27 23 26 19 11 15 11 21
"028_Group28" 28 25 24 23 20 29 14 22 14 21 28 22 28 18 16 16 20 20 26 24 27 30 24 20 21 13 28 15 22 18
"029_Group29" 31 26 17 19 25 22 24 19 17 25 30 24 16 21 18 22 21 15 16 20 24 34 27 29 21 23 26 24 24 19
"030_Group30" 17 25 31 25 34 24 27 30 30 17 35 34 28 20 30 24 30 26 23 27 32 24 29 28 22 34 27 22 19 26
"031_Group31" 12 23 27 25 25 24 26 17 22 22 30 22 24 21 18 28 21 15 22 14 19 26 25 17 22 23 17 16 27 27
"032_Group32" 30 32 23 17 15 5 27 33 39 32 38 35 43 23 21 26 31 37 27 34 31 30 16 26 16 22 25 28 21 23
"033_Group33" 26 41 27 18 11 25 28 16 35 36 29 34 39 36 21 38 36 41 39 38 32 46 35 20 21 31 35 32 32 15
"034_Group34" 11 22 17 27 25 31 17 13 18 25 25 28 41 44 27 37 33 44 36 26 37 40 30 19 27 29 25 19 19 25
"035_Group35" 25 37 39 35 25 36 44 42 35 35 26 30 27 33 35 38 35 33 28 25 30 47 24 23 33 20 23 20 16 18
"036_Group36" 21 17 13 17 23 16 12 20 34 43 43 38 41 35 29 44 36 30 42 45 48 26 27 21 27 25 31 20 31 23
"037_Group37" 34 20 24 23 37 28 31 34 37 44 36 26 36 36 30 39 38 42 47 39 33 36 44 31 27 35 38 33 31 21
"038_Group38" 15 19 10 8 16 15 19 18 30 34 22 15 23 18 26 34 26 27 34 22 28 30 35 27 28 34 29 32 45 32
"039_Group39" 29 30 6 6 16 37 31 25 27 20 16 19 19 33 13 26 29 30 28 39 46 37 28 26 32 37 34 37 34 15
"040_Group40" 15 6 20 19 21 17 20 19 20 28 32 30 25 31 32 28 29 31 34 35 28 26 26 36 29 25 30 34 35 22
"041_Group41" 24 15 19 19 15 24 40 28 21 26 18 16 24 22 23 26 27 24 30 22 31 21 22 22 26 23 27 30 25 18
"042_Group42" 47 31 24 22 37 33 23 26 36 31 37 25 31 30 23 30 31 23 31 29 18 25 28 17 26 25 22 23 26 24
"043_Group43" 19 32 34 40 32 31 29 27 31 25 26 19 29 35 21 20 23 21 23 26 19 20 19 18 26 29 27 28 29 35
"044_Group44" 24 8 16 38 27 32 44 30 35 26 23 27 29 28 39 28 29 27 26 21 24 25 31 34 21 23 22 25 28 28
"045_Group45" 41 33 38 32 37 29 35 33 22 30 29 25 27 24 25 22 22 25 16 21 29 29 25 30 24 17 28 32 36 27
"046_Group46" 22 38 35 30 26 26 21 28 33 34 26 23 38 30 15 19 25 24 21 26 10 21 23 29 23 22 31 20 18 19
"047_Group47" 29 37 18 24 33 32 37 30 23 15 15 24 44 34 30 38 30 33 35 35 27 24 33 32 26 24 25 25 36 24
"048_Group48" 28 28 9 7 23 11 15 15 24 23 24 27 22 25 33 31 32 29 28 29 30 31 28 26 31 29 25 24 22 23
"049_Group49" 43 33 20 21 31 25 28 22 23 28 21 26 35 36 27 22 18 35 22 29 35 34 38 31 23 24 23 27 34 19
"050_Group50" 28 18 24 20 33 36 30 31 31 36 32 26 24 25 25 27 27 27 27 36 30 30 38 24 24 24 14 23 25 18
"051_Group51" 26 45 37 33 30 24 21 30 38 31 32 41 36 33 25 20 26 31 34 28 38 30 24 21 29 31 24 14 22 23
"052_Group52" 18 30 40 29 30 18 24 18 35 30 29 27 26 21 23 19 22 25 27 23 24 27 30 24 20 18 28 25 24 23
"053_Group53" 22 35 35 33 27 32 38 27 31 26 25 29 44 25 29 32 31 23 27 28 28 27 25 36 25 30 23 27 24 16
"054_Group54" 24 27 26 31 32 27 22 22 22 17 26 24 21 23 29 29 19 32 29 23 20 23 21 26 22 25 22 27 28 30
"055_Group55" 38 32 25 27 32 22 30 27 27 28 31 24 27 30 28 30 33 27 11 17 29 26 23 33 18 22 26 25 19 20
"056_Group56" 23 36 30 25 33 19 28 27 23 19 21 21 24 28 25 24 24 23 17 27 29 32 14 20 34 24 24 24 21 13
"057_Group57" 18 28 31 21 23 25 22 17 21 17 22 20 15 22 28 18 19 14 23 17 18 18 24 20 30 34 31 23 28 21
"058_Group58" 30 22 29 31 18 24 16 18 27 20 23 17 22 15 16 21 20 20 16 20 19 13 17 17 15 25 25 18 15 20
"059_Group59" 27 36 29 29 25 25 29 22 24 23 32 22 25 15 22 19 29 20 26 16 14 25 23 27 23 26 19 21 22 18
"060_Group60" 37 22 19 16 22 29 20 22 29 20 30 23 26 28 21 23 23 26 18 20 28 19 19 24 25 22 21 23 26 21
"061_Group61" 20 27 27 28 31 22 25 19 36 24 24 28 31 33 29 23 22 25 24 20 24 26 17 24 22 20 26 17 25 18
"062_Group62" 18 40 36 27 32 26 34 27 22 29 28 24 21 25 25 13 13 26 22 27 24 25 31 23 22 20 24 21 27 29
"063_Group63" 16 23 22 16 24 27 26 28 28 23 37 17 30 25 25 21 21 20 18 16 21 25 29 25 18 25 26 19 28 18
"064_Group64" 36 20 22 21 20 14 16 21 26 17 16 21 17 21 20 25 20 19 18 22 14 22 29 23 20 24 19 29 19 21
"065_Group65" 13 24 27 25 32 35 28 25 30 35 24 29 35 34 24 27 28 34 40 25 34 31 25 22 25 24 20 20 24 28
"066_Group66" 22 21 35 33 27 27 29 27 27 23 14 29 25 26 23 39 27 28 24 27 27 23 24 32 26 31 23 16 18 26
"067_Group67" 26 26 27 34 31 26 34 32 25 35 21 25 31 36 33 32 34 27 34 28 25 25 28 19 28 30 26 26 21 19
"068_Group68" 32 26 22 26 32 30 24 21 28 36 21 19 24 19 22 26 22 20 22 32 21 28 27 29 22 22 18 20 29 23
"069_Group69" 24 24 35 29 26 27 24 25 29 31 17 25 30 33 20 24 29 29 30 26 22 21 25 30 26 26 23 28 27 18
"070_Group70" 37 25 21 23 31 23 29 23 25 26 32 30 25 22 25 34 32 28 22 28 24 35 24 28 24 24 22 20 24 27
"071_Group71" 19 33 24 40 22 26 32 31 40 19 17 38 33 23 39 23 29 27 20 23 23 30 22 14 23 23 28 26 14 22
"072_Group72" 49 39 39 37 40 44 35 35 40 29 38 31 42 37 44 42 37 37 24 27 32 29 27 36 29 31 34 24 17 22
"073_Group73" 13 23 24 25 27 15 20 18 24 32 30 33 29 36 39 28 24 27 24 21 36 30 28 30 29 23 23 29 29 37
"074_Group74" 21 39 37 33 48 38 29 39 25 34 29 34 26 29 32 19 25 28 30 19 18 28 31 24 25 23 23 31 26 20
"075_Group75" 23 27 36 24 43 42 34 36 51 36 34 26 22 29 30 23 35 38 29 43 35 39 48 41 39 32 32 33 35 36
"076_Group76" 27 33 51 19 27 30 20 17 27 31 25 40 34 35 40 26 42 45 40 36 25 26 26 22 28 33 27 33 32 33
"077_Group77" 20 11 11 11 10 8 17 22 24 32 35 36 40 44 26 30 22 26 30 24 21 33 23 21 30 21 25 31 27 18
"078_Group78" 29 36 32 17 22 14 40 40 30 40 38 37 41 34 29 23 20 24 28 25 33 19 25 34 27 16 27 36 41 33
"079_Group79" 26 44 32 31 35 30 24 15 35 40 40 30 39 20 24 23 25 29 29 41 25 25 19 25 22 30 27 30 23 25
"080_Group80" 25 22 20 18 22 31 10 25 27 27 18 18 26 20 18 24 21 21 27 26 33 29 33 29 24 27 24 24 20 23
"081_Group81" 22 14 17 25 18 22 19 21 24 25 25 19 42 20 26 24 18 13 19 29 20 22 27 21 27 22 17 18 24 11
"082_Group82" 26 28 28 30 23 22 30 28 19 37 28 29 27 27 21 20 12 24 29 19 27 15 27 16 22 19 19 24 21 15
"083_Group83" 31 26 26 21 19 18 37 21 25 23 28 20 22 21 33 22 21 21 23 19 24 31 26 29 28 24 23 23 20 22
"084_Group84" 21 30 26 28 20 23 17 28 28 28 18 25 26 24 25 28 25 26 25 25 22 17 22 22 19 28 23 26 27 30
"085_Group85" 20 26 25 28 29 27 29 28 24 20 33 32 26 26 20 29 21 19 32 20 26 21 26 32 23 19 13 15 17 35
"086_Group86" 37 30 25 26 22 29 22 20 21 25 18 20 17 25 21 23 17 21 12 28 26 22 20 24 27 24 24 18 15 15
"087_Group87" 33 24 22 24 23 19 22 28 38 26 17 28 26 25 26 22 15 24 19 20 27 18 19 19 16 17 19 26 16 24
"088_Group88" 9 17 21 14 22 25 27 26 23 22 24 17 16 26 31 23 26 27 32 25 26 23 23 28 22 22 27 28 22 26
"089_Group89" 23 24 28 22 23 23 19 26 18 26 26 22 26 26 24 28 19 21 21 15 22 23 19 23 30 18 16 20 25 25
"090_Group90" 25 26 33 30 24 24 28 28 37 26 32 32 21 20 19 22 21 26 28 20 23 25 26 31 27 23 27 29 30 24
"091_Group91" 24 17 13 23 20 19 12 24 29 35 15 26 17 26 25 31 19 25 28 36 23 18 14 21 18 21 16 22 22 31
"092_Group92" 18 28 37 23 27 26 24 33 34 28 24 32 38 32 18 23 28 17 23 18 13 20 22 17 22 21 19 23 24 19
"093_Group93" 19 28 23 21 34 25 36 24 26 27 31 23 26 21 26 19 26 36 25 26 18 34 25 22 29 30 29 34 23 25
"094_Group94" 23 41 33 27 35 18 21 19 25 33 23 27 23 25 26 27 23 25 16 14 24 19 22 20 24 29 28 20 20 17
"095_Group95" 20 36 27 18 28 25 20 23 24 23 22 28 28 29 20 26 16 18 16 16 8 15 13 20 24 20 18 19 21 21

"<<<<<< Group Activity: Number of wells/group >>>>>>"
Group/Time[m] 2 4 6 8 10 12 14 16 18 20 22 24 26 28 30 32 34 36 38 40 42 44 46 48 50 52 54 56 58 60
"000_Group0" 1 1 1 1 1 1 1 1 1 1 1 1 1 1 1 1 1 1 1 1 1 1 1 1 1 1 1 1 1 1
"001_Group1" 1 1 1 1 1 1 1 1 1 1 1 1 1 1 1 1 1 1 1 1 1 1 1 1 1 1 1 1 1 1
"002_Group2" 1 1 1 1 1 1 1 1 1 1 1 1 1 1 1 1 1 1 1 1 1 1 1 1 1 1 1 1 1 1
"003_Group3" 1 1 1 1 1 1 1 1 1 1 1 1 1 1 1 1 1 1 1 1 1 1 1 1 1 1 1 1 1 1
"004_Group4" 1 1 1 1 1 1 1 1 1 1 1 1 1 1 1 1 1 1 1 1 1 1 1 1 1 1 1 1 1 1
"005_Group5" 1 1 1 1 1 1 1 1 1 1 1 1 1 1 1 1 1 1 1 1 1 1 1 1 1 1 1 1 1 1
"006_Group6" 1 1 1 1 1 1 1 1 1 1 1 1 1 1 1 1 1 1 1 1 1 1 1 1 1 1 1 1 1 1
"007_Group7" 1 1 1 1 1 1 1 1 1 1 1 1 1 1 1 1 1 1 1 1 1 1 1 1 1 1 1 1 1 1
"008_Group8" 1 1 1 1 1 1 1 1 1 1 1 1 1 1 1 1 1 1 1 1 1 1 1 1 1 1 1 1 1 1
"009_Group9" 1 1 1 1 1 1 1 1 1 1 1 1 1 1 1 1 1 1 1 1 1 1 1 1 1 1 1 1 1 1
"010_Group10" 1 1 1 1 1 1 1 1 1 1 1 1 1 1 1 1 1 1 1 1 1 1 1 1 1 1 1 1 1 1
"011_Group11" 1 1 1 1 1 1 1 1 1 1 1 1 1 1 1 1 1 1 1 1 1 1 1 1 1 1 1 1 1 1
"012_Group12" 1 1 1 1 1 1 1 1 1 1 1 1 1 1 1 1 1 1 1 1 1 1 1 1 1 1 1 1 1 1
"013_Group13" 1 1 1 1 1 1 1 1 1 1 1 1 1 1 1 1 1 1 1 1 1 1 1 1 1 1 1 1 1 1
"014_Group14" 1 1 1 1 1 1 1 1 1 1 1 1 1 1 1 1 1 1 1 1 1 1 1 1 1 1 1 1 1 1
"015_Group15" 1 1 1 1 1 1 1 1 1 1 1 1 1 1 1 1 1 1 1 1 1 1 1 1 1 1 1 1 1 1
"016_Group16" 1 1 1 1 1 1 1 1 1 1 1 1 1 1 1 1 1 1 1 1 1 1 1 1 1 1 1 1 1 1
"017_Group17" 1 1 1 1 1 1 1 1 1 1 1 1 1 1 1 1 1 1 1 1 1 1 1 1 1 1 1 1 1 1
"018_Group18" 1 1 1 1 1 1 1 1 1 1 1 1 1 1 1 1 1 1 1 1 1 1 1 1 1 1 1 1 1 1
"019_Group19" 1 1 1 1 1 1 1 1 1 1 1 1 1 1 1 1 1 1 1 1 1 1 1 1 1 1 1 1 1 1
"020_Group20" 1 1 1 1 1 1 1 1 1 1 1 1 1 1 1 1 1 1 1 1 1 1 1 1 1 1 1 1 1 1
"021_Group21" 1 1 1 1 1 1 1 1 1 1 1 1 1 1 1 1 1 1 1 1 1 1 1 1 1 1 1 1 1 1
"022_Group22" 1 1 1 1 1 1 1 1 1 1 1 1 1 1 1 1 1 1 1 1 1 1 1 1 1 1 1 1 1 1
"023_Group23" 1 1 1 1 1 1 1 1 1 1 1 1 1 1 1 1 1 1 1 1 1 1 1 1 1 1 1 1 1 1
"024_Group24" 1 1 1 1 1 1 1 1 1 1 1 1 1 1 1 1 1 1 1 1 1 1 1 1 1 1 1 1 1 1
"025_Group25" 1 1 1 1 1 1 1 1 1 1 1 1 1 1 1 1 1 1 1 1 1 1 1 1 1 1 1 1 1 1
"026_Group26" 1 1 1 1 1 1 1 1 1 1 1 1 1 1 1 1 1 1 1 1 1 1 1 1 1 1 1 1 1 1
"027_Group27" 1 1 1 1 1 1 1 1 1 1 1 1 1 1 1 1 1 1 1 1 1 1 1 1 1 1 1 1 1 1
"028_Group28" 1 1 1 1 1 1 1 1 1 1 1 1 1 1 1 1 1 1 1 1 1 1 1 1 1 1 1 1 1 1
"029_Group29" 1 1 1 1 1 1 1 1 1 1 1 1 1 1 1 1 1 1 1 1 1 1 1 1 1 1 1 1 1 1
"030_Group30" 1 1 1 1 1 1 1 1 1 1 1 1 1 1 1 1 1 1 1 1 1 1 1 1 1 1 1 1 1 1
"031_Group31" 1 1 1 1 1 1 1 1 1 1 1 1 1 1 1 1 1 1 1 1 1 1 1 1 1 1 1 1 1 1
"032_Group32" 1 1 1 1 1 1 1 1 1 1 1 1 1 1 1 1 1 1 1 1 1 1 1 1 1 1 1 1 1 1
"033_Group33" 1 1 1 1 1 1 1 1 1 1 1 1 1 1 1 1 1 1 1 1 1 1 1 1 1 1 1 1 1 1
"034_Group34" 1 1 1 1 1 1 1 1 1 1 1 1 1 1 1 1 1 1 1 1 1 1 1 1 1 1 1 1 1 1
"035_Group35" 1 1 1 1 1 1 1 1 1 1 1 1 1 1 1 1 1 1 1 1 1 1 1 1 1 1 1 1 1 1
"036_Group36" 1 1 1 1 1 1 1 1 1 1 1 1 1 1 1 1 1 1 1 1 1 1 1 1 1 1 1 1 1 1
"037_Group37" 1 1 1 1 1 1 1 1 1 1 1 1 1 1 1 1 1 1 1 1 1 1 1 1 1 1 1 1 1 1
"038_Group38" 1 1 1 1 1 1 1 1 1 1 1 1 1 1 1 1 1 1 1 1 1 1 1 1 1 1 1 1 1 1
"039_Group39" 1 1 1 1 1 1 1 1 1 1 1 1 1 1 1 1 1 1 1 1 1 1 1 1 1 1 1 1 1 1
"040_Group40" 1 1 1 1 1 1 1 1 1 1 1 1 1 1 1 1 1 1 1 1 1 1 1 1 1 1 1 1 1 1
"041_Group41" 1 1 1 1 1 1 1 1 1 1 1 1 1 1 1 1 1 1 1 1 1 1 1 1 1 1 1 1 1 1
"042_Group42" 1 1 1 1 1 1 1 1 1 1 1 1 1 1 1 1 1 1 1 1 1 1 1 1 1 1 1 1 1 1
"043_Group43" 1 1 1 1 1 1 1 1 1 1 1 1 1 1 1 1 1 1 1 1 1 1 1 1 1 1 1 1 1 1
"044_Group44" 1 1 1 1 1 1 1 1 1 1 1 1 1 1 1 1 1 1 1 1 1 1 1 1 1 1 1 1 1 1
"045_Group45" 1 1 1 1 1 1 1 1 1 1 1 1 1 1 1 1 1 1 1 1 1 1 1 1 1 1 1 1 1 1
"046_Group46" 1 1 1 1 1 1 1 1 1 1 1 1 1 1 1 1 1 1 1 1 1 1 1 1 1 1 1 1 1 1
"047_Group47" 1 1 1 1 1 1 1 1 1 1 1 1 1 1 1 1 1 1 1 1 1 1 1 1 1 1 1 1 1 1
"048_Group48" 1 1 1 1 1 1 1 1 1 1 1 1 1 1 1 1 1 1 1 1 1 1 1 1 1 1 1 1 1 1
"049_Group49" 1 1 1 1 1 1 1 1 1 1 1 1 1 1 1 1 1 1 1 1 1 1 1 1 1 1 1 1 1 1
"050_Group50" 1 1 1 1 1 1 1 1 1 1 1 1 1 1 1 1 1 1 1 1 1 1 1 1 1 1 1 1 1 1
"051_Group51" 1 1 1 1 1 1 1 1 1 1 1 1 1 1 1 1 1 1 1 1 1 1 1 1 1 1 1 1 1 1
"052_Group52" 1 1 1 1 1 1 1 1 1 1 1 1 1 1 1 1 1 1 1 1 1 1 1 1 1 1 1 1 1 1
"053_Group53" 1 1 1 1 1 1 1 1 1 1 1 1 1 1 1 1 1 1 1 1 1 1 1 1 1 1 1 1 1 1
"054_Group54" 1 1 1 1 1 1 1 1 1 1 1 1 1 1 1 1 1 1 1 1 1 1 1 1 1 1 1 1 1 1
"055_Group55" 1 1 1 1 1 1 1 1 1 1 1 1 1 1 1 1 1 1 1 1 1 1 1 1 1 1 1 1 1 1
"056_Group56" 1 1 1 1 1 1 1 1 1 1 1 1 1 1 1 1 1 1 1 1 1 1 1 1 1 1 1 1 1 1
"057_Group57" 1 1 1 1 1 1 1 1 1 1 1 1 1 1 1 1 1 1 1 1 1 1 1 1 1 1 1 1 1 1
"058_Group58" 1 1 1 1 1 1 1 1 1 1 1 1 1 1 1 1 1 1 1 1 1 1 1 1 1 1 1 1 1 1
"059_Group59" 1 1 1 1 1 1 1 1 1 1 1 1 1 1 1 1 1 1 1 1 1 1 1 1 1 1 1 1 1 1
"060_Group60" 1 1 1 1 1 1 1 1 1 1 1 1 1 1 1 1 1 1 1 1 1 1 1 1 1 1 1 1 1 1
"061_Group61" 1 1 1 1 1 1 1 1 1 1 1 1 1 1 1 1 1 1 1 1 1 1 1 1 1 1 1 1 1 1
"062_Group62" 1 1 1 1 1 1 1 1 1 1 1 1 1 1 1 1 1 1 1 1 1 1 1 1 1 1 1 1 1 1
"063_Group63" 1 1 1 1 1 1 1 1 1 1 1 1 1 1 1 1 1 1 1 1 1 1 1 1 1 1 1 1 1 1
"064_Group64" 1 1 1 1 1 1 1 1 1 1 1 1 1 1 1 1 1 1 1 1 1 1 1 1 1 1 1 1 1 1
"065_Group65" 1 1 1 1 1 1 1 1 1 1 1 1 1 1 1 1 1 1 1 1 1 1 1 1 1 1 1 1 1 1
"066_Group66" 1 1 1 1 1 1 1 1 1 1 1 1 1 1 1 1 1 1 1 1 1 1 1 1 1 1 1 1 1 1
"067_Group67" 1 1 1 1 1 1 1 1 1 1 1 1 1 1 1 1 1 1 1 1 1 1 1 1 1 1 1 1 1 1
"068_Group68" 1 1 1 1 1 1 1 1 1 1 1 1 1 1 1 1 1 1 1 1 1 1 1 1 1 1 1 1 1 1
"069_Group69" 1 1 1 1 1 1 1 1 1 1 1 1 1 1 1 1 1 1 1 1 1 1 1 1 1 1 1 1 1 1
"070_Group70" 1 1 1 1 1 1 1 1 1 1 1 1 1 1 1 1 1 1 1 1 1 1 1 1 1 1 1 1 1 1
"071_Group71" 1 1 1 1 1 1 1 1 1 1 1 1 1 1 1 1 1 1 1 1 1 1 1 1 1 1 1 1 1 1
"072_Group72" 1 1 1 1 1 1 1 1 1 1 1 1 1 1 1 1 1 1 1 1 1 1 1 1 1 1 1 1 1 1
"073_Group73" 1 1 1 1 1 1 1 1 1 1 1 1 1 1 1 1 1 1 1 1 1 1 1 1 1 1 1 1 1 1
"074_Group74" 1 1 1 1 1 1 1 1 1 1 1 1 1 1 1 1 1 1 1 1 1 1 1 1 1 1 1 1 1 1
"075_Group75" 1 1 1 1 1 1 1 1 1 1 1 1 1 1 1 1 1 1 1 1 1 1 1 1 1 1 1 1 1 1
"076_Group76" 1 1 1 1 1 1 1 1 1 1 1 1 1 1 1 1 1 1 1 1 1 1 1 1 1 1 1 1 1 1
"077_Group77" 1 1 1 1 1 1 1 1 1 1 1 1 1 1 1 1 1 1 1 1 1 1 1 1 1 1 1 1 1 1
"078_Group78" 1 1 1 1 1 1 1 1 1 1 1 1 1 1 1 1 1 1 1 1 1 1 1 1 1 1 1 1 1 1
"079_Group79" 1 1 1 1 1 1 1 1 1 1 1 1 1 1 1 1 1 1 1 1 1 1 1 1 1 1 1 1 1 1
"080_Group80" 1 1 1 1 1 1 1 1 1 1 1 1 1 1 1 1 1 1 1 1 1 1 1 1 1 1 1 1 1 1
"081_Group81" 1 1 1 1 1 1 1 1 1 1 1 1 1 1 1 1 1 1 1 1 1 1 1 1 1 1 1 1 1 1
"082_Group82" 1 1 1 1 1 1 1 1 1 1 1 1 1 1 1 1 1 1 1 1 1 1 1 1 1 1 1 1 1 1
"083_Group83" 1 1 1 1 1 1 1 1 1 1 1 1 1 1 1 1 1 1 1 1 1 1 1 1 1 1 1 1 1 1
"084_Group84" 1 1 1 1 1 1 1 1 1 1 1 1 1 1 1 1 1 1 1 1 1 1 1 1 1 1 1 1 1 1
"085_Group85" 1 1 1 1 1 1 1 1 1 1 1 1 1 1 1 1 1 1 1 1 1 1 1 1 1 1 1 1 1 1
"086_Group86" 1 1 1 1 1 1 1 1 1 1 1 1 1 1 1 1 1 1 1 1 1 1 1 1 1 1 1 1 1 1
"087_Group87" 1 1 1 1 1 1 1 1 1 1 1 1 1 1 1 1 1 1 1 1 1 1 1 1 1 1 1 1 1 1
"088_Group88" 1 1 1 1 1 1 1 1 1 1 1 1 1 1 1 1 1 1 1 1 1 1 1 1 1 1 1 1 1 1
"089_Group89" 1 1 1 1 1 1 1 1 1 1 1 1 1 1 1 1 1 1 1 1 1 1 1 1 1 1 1 1 1 1
"090_Group90" 1 1 1 1 1 1 1 1 1 1 1 1 1 1 1 1 1 1 1 1 1 1 1 1 1 1 1 1 1 1
"091_Group91" 1 1 1 1 1 1 1 1 1 1 1 1 1 1 1 1 1 1 1 1 1 1 1 1 1 1 1 1 1 1
"092_Group92" 1 1 1 1 1 1 1 1 1 1 1 1 1 1 1 1 1 1 1 1 1 1 1 1 1 1 1 1 1 1
"093_Group93" 1 1 1 1 1 1 1 1 1 1 1 1 1 1 1 1 1 1 1 1 1 1 1 1 1 1 1 1 1 1
"094_Group94" 1 1 1 1 1 1 1 1 1 1 1 1 1 1 1 1 1 1 1 1 1 1 1 1 1 1 1 1 1 1
"095_Group95" 1 1 1 1 1 1 1 1 1 1 1 1 1 1 1 1 1 1 1 1 1 1 1 1 1 1 1 1 1 1

"<<<<<< Number of Samples per Acquisition Interval [1unit=500values] >>>>>>"
Time[m] 2 4 6 8 10 12 14 16 18 20 22 24 26 28 30 32 34 36 38 40 42 44 46 48 50 52 54 56 58 60 
#Samples 2 2 2 2 2 2 2 2 2 2 2 2 2 2 2 2 2 2 2 2 2 2 2 2 2 2 2 2 2 2 

"<<<<<< Average Temperature [°C] >>>>>>"
Time[m] 2 4 6 8 10 12 14 16 18 20 22 24 26 28 30 32 34 36 38 40 42 44 46 48 50 52 54 56 58 60 
Temp[°C] 21.1 21.1 21.1 21.1 21.1 21.1 21.1 21.1 21.1 21.1 21.1 21.1 21.1 21.1 21.1 21.1 21.1 21.1 21.1 21.1 21.1 21.1 21.1 21.1 21.1 21.1 21.1 21.1 21.1 21.1 

"<<<<<< Well Activity >>>>>>"
Well Group/Time[m] 2 4 6 8 10 12 14 16 18 20 22 24 26 28 30 32 34 36 38 40 42 44 46 48 50 52 54 56 58 60
A1 "000_Group0" 25 14 33 28 24 27 28 26 18 26 26 31 26 30 29 25 24 25 25 26 34 35 31 23 29 23 26 25 28 22
B1 "001_Group1" 10 27 20 23 30 12 23 28 33 39 37 40 30 28 35 28 24 28 26 26 31 28 25 26 37 35 34 27 24 20
C1 "002_Group2" 18 27 21 23 31 23 25 30 26 30 22 31 35 34 29 23 16 25 16 24 31 22 27 28 19 22 19 18 23 31
D1 "003_Group3" 21 22 18 12 28 16 12 21 18 11 26 21 25 27 27 21 27 19 25 25 22 23 26 15 24 27 23 27 23 23
E1 "004_Group4" 19 23 34 29 21 23 17 23 21 26 23 25 34 30 20 31 26 23 16 21 22 18 20 19 18 20 15 16 26 22
F1 "005_Group5" 34 25 20 25 29 30 14 20 29 30 19 21 27 22 23 23 28 27 23 23 23 23 30 27 27 29 30 23 18 17
G1 "006_Group6" 25 32 31 25 32 23 25 28 31 24 25 21 18 37 31 19 25 25 15 17 18 22 20 22 19 25 30 21 26 27
H1 "007_Group7" 23 30 29 22 28 23 26 26 17 15 26 26 27 22 28 31 19 22 27 20 30 36 23 32 22 25 19 28 19 26
A2 "008_Group8" 14 18 18 15 16 27 21 21 19 21 11 17 18 21 26 25 18 21 24 21 18 23 20 24 19 24 24 17 17 16
B2 "009_Group9" 29 20 23 17 22 24 24 23 14 22 27 20 18 20 21 23 26 24 23 24 14 16 24 25 18 21 18 18 17 13
C2 "010_Group10" 25 31 27 22 30 23 23 23 27 26 22 21 31 26 26 26 32 28 24 17 22 32 25 21 29 19 24 22 17 26
D2 "011_Group11" 11 27 18 22 14 22 25 19 18 20 21 21 25 36 30 29 19 19 20 21 21 22 24 21 28 30 27 25 33 22
E2 "012_Group12" 21 25 22 22 17 26 19 24 25 26 19 26 32 28 28 24 18 22 17 18 26 30 30 20 23 28 20 26 22 22
F2 "013_Group13" 22 31 28 30 26 23 20 22 24 19 32 29 31 22 27 28 32 27 20 19 34 25 20 28 24 27 26 29 22 30
G2 "014_Group14" 20 32 27 24 25 23 30 22 20 19 23 21 20 24 21 19 23 24 18 17 28 21 35 32 22 19 15 23 19 14
H2 "015_Group15" 31 28 23 24 20 17 26 22 21 26 22 24 22 22 26 22 21 26 19 29 20 27 27 24 25 24 23 21 21 16
A3 "016_Group16" 24 34 31 34 28 34 26 17 30 33 32 38 32 25 31 38 44 33 44 29 31 36 21 22 30 22 25 36 29 49
B3 "017_Group17" 21 1 2 16 7 9 22 22 16 26 40 37 33 32 22 21 36 40 46 46 24 23 25 43 35 23 28 25 38 20
C3 "018_Group18" 25 33 35 44 35 40 17 30 32 47 38 44 32 36 25 28 25 26 34 31 21 19 16 30 45 26 19 29 38 32
D3 "019_Group19" 29 37 33 7 29 39 35 29 36 47 28 29 33 26 35 30 35 33 21 25 27 29 26 29 28 23 30 24 22 26
E3 "020_Group20" 15 32 27 21 24 11 17 25 26 32 29 27 33 26 29 19 24 30 31 44 41 36 32 30 29 33 31 19 21 20
F3 "021_Group21" 21 52 38 27 42 26 17 28 37 36 35 41 30 33 41 37 41 43 37 42 31 30 36 32 22 23 20 26 18 23
G3 "022_Group22" 36 20 18 16 3 5 14 10 39 25 28 32 38 34 31 34 38 41 42 31 31 33 25 39 42 36 45 28 33 23
H3 "023_Group23" 24 27 17 23 28 22 34 23 18 36 47 34 35 29 35 37 18 30 28 30 36 37 33 28 29 34 27 23 26 30
A4 "024_Group24" 13 24 22 19 20 19 21 18 22 10 20 27 25 29 32 17 16 25 19 24 28 22 32 39 30 22 23 20 20 29
B4 "025_Group25" 20 29 24 26 30 27 22 24 27 29 21 21 18 21 26 13 18 16 19 19 17 21 15 20 27 23 22 23 20 23
C4 "026_Group26" 16 31 32 31 32 23 30 26 26 23 16 26 22 25 30 25 23 22 25 20 20 16 16 18 27 25 22 18 17 19
D4 "027_Group27" 29 34 25 33 23 27 23 17 17 23 21 28 24 26 24 25 19 23 23 18 18 37 27 23 26 19 11 15 11 21
E4 "028_Group28" 28 25 24 23 20 29 14 22 14 21 28 22 28 18 16 16 20 20 26 24 27 30 24 20 21 13 28 15 22 18
F4 "029_Group29" 31 26 17 19 25 22 24 19 17 25 30 24 16 21 18 22 21 15 16 20 24 34 27 29 21 23 26 24 24 19
G4 "030_Group30" 17 25 31 25 34 24 27 30 30 17 35 34 28 20 30 24 30 26 23 27 32 24 29 28 22 34 27 22 19 26
H4 "031_Group31" 12 23 27 25 25 24 26 17 22 22 30 22 24 21 18 28 21 15 22 14 19 26 25 17 22 23 17 16 27 27
A5 "032_Group32" 30 32 23 17 15 5 27 33 39 32 38 35 43 23 21 26 31 37 27 34 31 30 16 26 16 22 25 28 21 23
B5 "033_Group33" 26 41 27 18 11 25 28 16 35 36 29 34 39 36 21 38 36 41 39 38 32 46 35 20 21 31 35 32 32 15
C5 "034_Group34" 11 22 17 27 25 31 17 13 18 25 25 28 41 44 27 37 33 44 36 26 37 40 30 19 27 29 25 19 19 25
D5 "035_Group35" 25 37 39 35 25 36 44 42 35 35 26 30 27 33 35 38 35 33 28 25 30 47 24 23 33 20 23 20 16 18
E5 "036_Group36" 21 17 13 17 23 16 12 20 34 43 43 38 41 35 29 44 36 30 42 45 48 26 27 21 27 25 31 20 31 23
F5 "037_Group37" 34 20 24 23 37 28 31 34 37 44 36 26 36 36 30 39 38 42 47 39 33 36 44 31 27 35 38 33 31 21
G5 "038_Group38" 15 19 10 8 16 15 19 18 30 34 22 15 23 18 26 34 26 27 34 22 28 30 35 27 28 34 29 32 45 32
H5 "039_Group39" 29 30 6 6 16 37 31 25 27 20 16 19 19 33 13 26 29 30 28 39 46 37 28 26 32 37 34 37 34 15
A6 "040_Group40" 15 6 20 19 21 17 20 19 20 28 32 30 25 31 32 28 29 31 34 35 28 26 26 36 29 25 30 34 35 22
B6 "041_Group41" 24 15 19 19 15 24 40 28 21 26 18 16 24 22 23 26 27 24 30 22 31 21 22 22 26 23 27 30 25 18
C6 "042_Group42" 47 31 24 22 37 33 23 26 36 31 37 25 31 30 23 30 31 23 31 29 18 25 28 17 26 25 22 23 26 24
D6 "043_Group43" 19 32 34 40 32 31 29 27 31 25 26 19 29 35 21 20 23 21 23 26 19 20 19 18 26 29 27 28 29 35
E6 "044_Group44" 24 8 16 38 27 32 44 30 35 26 23 27 29 28 39 28 29 27 26 21 24 25 31 34 21 23 22 25 28 28
F6 "045_Group45" 41 33 38 32 37 29 35 33 22 30 29 25 27 24 25 22 22 25 16 21 29 29 25 30 24 17 28 32 36 27
G6 "046_Group46" 22 38 35 30 26 26 21 28 33 34 26 23 38 30 15 19 25 24 21 26 10 21 23 29 23 22 31 20 18 19
H6 "047_Group47" 29 37 18 24 33 32 37 30 23 15 15 24 44 34 30 38 30 33 35 35 27 24 33 32 26 24 25 25 36 24
A7 "048_Group48" 28 28 9 7 23 11 15 15 24 23 24 27 22 25 33 31 32 29 28 29 30 31 28 26 31 29 25 24 22 23
B7 "049_Group49" 43 33 20 21 31 25 28 22 23 28 21 26 35 36 27 22 18 35 22 29 35 34 38 31 23 24 23 27 34 19
C7 "050_Group50" 28 18 24 20 33 36 30 31 31 36 32 26 24 25 25 27 27 27 27 36 30 30 38 24 24 24 14 23 25 18
D7 "051_Group51" 26 45 37 33 30 24 21 30 38 31 32 41 36 33 25 20 26 31 34 28 38 30 24 21 29 31 24 14 22 23
E7 "052_Group52" 18 30 40 29 30 18 24 18 35 30 29 27 26 21 23 19 22 25 27 23 24 27 30 24 20 18 28 25 24 23
F7 "053_Group53" 22 35 35 33 27 32 38 27 31 26 25 29 44 25 29 32 31 23 27 28 28 27 25 36 25 30 23 27 24 16
G7 "054_Group54" 24 27 26 31 32 27 22 22 22 17 26 24 21 23 29 29 19 32 29 23 20 23 21 26 22 25 22 27 28 30
H7 "055_Group55" 38 32 25 27 32 22 30 27 27 28 31 24 27 30 28 30 33 27 11 17 29 26 23 33 18 22 26 25 19 20
A8 "056_Group56" 23 36 30 25 33 19 28 27 23 19 21 21 24 28 25 24 24 23 17 27 29 32 14 20 34 24 24 24 21 13
B8 "057_Group57" 18 28 31 21 23 25 22 17 21 17 22 20 15 22 28 18 19 14 23 17 18 18 24 20 30 34 31 23 28 21
C8 "058_Group58" 30 22 29 31 18 24 16 18 27 20 23 17 22 15 16 21 20 20 16 20 19 13 17 17 15 25 25 18 15 20
D8 "059_Group59" 27 36 29 29 25 25 29 22 24 23 32 22 25 15 22 19 29 20 26 16 14 25 23 27 23 26 19 21 22 18
E8 "060_Group60" 37 22 19 16 22 29 20 22 29 20 30 23 26 28 21 23 23 26 18 20 28 19 19 24 25 22 21 23 26 21
F8 "061_Group61" 20 27 27 28 31 22 25 19 36 24 24 28 31 33 29 23 22 25 24 20 24 26 17 24 22 20 26 17 25 18
G8 "062_Group62" 18 40 36 27 32 26 34 27 22 29 28 24 21 25 25 13 13 26 22 27 24 25 31 23 22 20 24 21 27 29
H8 "063_Group63" 16 23 22 16 24 27 26 28 28 23 37 17 30 25 25 21 21 20 18 16 21 25 29 25 18 25 26 19 28 18
A9 "064_Group64" 36 20 22 21 20 14 16 21 26 17 16 21 17 21 20 25 20 19 18 22 14 22 29 23 20 24 19 29 19 21
B9 "065_Group65" 13 24 27 25 32 35 28 25 30 35 24 29 35 34 24 27 28 34 40 25 34 31 25 22 25 24 20 20 24 28
C9 "066_Group66" 22 21 35 33 27 27 29 27 27 23 14 29 25 26 23 39 27 28 24 27 27 23 24 32 26 31 23 16 18 26
D9 "067_Group67" 26 26 27 34 31 26 34 32 25 35 21 25 31 36 33 32 34 27 34 28 25 25 28 19 28 30 26 26 21 19
E9 "068_Group68" 32 26 22 26 32 30 24 21 28 36 21 19 24 19 22 26 22 20 22 32 21 28 27 29 22 22 18 20 29 23
F9 "069_Group69" 24 24 35 29 26 27 24 25 29 31 17 25 30 33 20 24 29 29 30 26 22 21 25 30 26 26 23 28 27 18
G9 "070_Group70" 37 25 21 23 31 23 29 23 25 26 32 30 25 22 25 34 32 28 22 28 24 35 24 28 24 24 22 20 24 27
H9 "071_Group71" 19 33 24 40 22 26 32 31 40 19 17 38 33 23 39 23 29 27 20 23 23 30 22 14 23 23 28 26 14 22
A10 "072_Group72" 49 39 39 37 40 44 35 35 40 29 38 31 42 37 44 42 37 37 24 27 32 29 27 36 29 31 34 24 17 22
B10 "073_Group73" 13 23 24 25 27 15 20 18 24 32 30 33 29 36 39 28 24 27 24 21 36 30 28 30 29 23 23 29 29 37
C10 "074_Group74" 21 39 37 33 48 38 29 39 25 34 29 34 26 29 32 19 25 28 30 19 18 28 31 24 25 23 23 31 26 20
D10 "075_Group75" 23 27 36 24 43 42 34 36 51 36 34 26 22 29 30 23 35 38 29 43 35 39 48 41 39 32 32 33 35 36
E10 "076_Group76" 27 33 51 19 27 30 20 17 27 31 25 40 34 35 40 26 42 45 40 36 25 26 26 22 28 33 27 33 32 33
F10 "077_Group77" 20 11 11 11 10 8 17 22 24 32 35 36 40 44 26 30 22 26 30 24 21 33 23 21 30 21 25 31 27 18
G10 "078_Group78" 29 36 32 17 22 14 40 40 30 40 38 37 41 34 29 23 20 24 28 25 33 19 25 34 27 16 27 36 41 33
H10 "079_Group79" 26 44 32 31 35 30 24 15 35 40 40 30 39 20 24 23 25 29 29 41 25 25 19 25 22 30 27 30 23 25
A11 "080_Group80" 25 22 20 18 22 31 10 25 27 27 18 18 26 20 18 24 21 21 27 26 33 29 33 29 24 27 24 24 20 23
B11 "081_Group81" 22 14 17 25 18 22 19 21 24 25 25 19 42 20 26 24 18 13 19 29 20 22 27 21 27 22 17 18 24 11
C11 "082_Group82" 26 28 28 30 23 22 30 28 19 37 28 29 27 27 21 20 12 24 29 19 27 15 27 16 22 19 19 24 21 15
D11 "083_Group83" 31 26 26 21 19 18 37 21 25 23 28 20 22 21 33 22 21 21 23 19 24 31 26 29 28 24 23 23 20 22
E11 "084_Group84" 21 30 26 28 20 23 17 28 28 28 18 25 26 24 25 28 25 26 25 25 22 17 22 22 19 28 23 26 27 30
F11 "085_Group85" 20 26 25 28 29 27 29 28 24 20 33 32 26 26 20 29 21 19 32 20 26 21 26 32 23 19 13 15 17 35
G11 "086_Group86" 37 30 25 26 22 29 22 20 21 25 18 20 17 25 21 23 17 21 12 28 26 22 20 24 27 24 24 18 15 15
H11 "087_Group87" 33 24 22 24 23 19 22 28 38 26 17 28 26 25 26 22 15 24 19 20 27 18 19 19 16 17 19 26 16 24
A12 "088_Group88" 9 17 21 14 22 25 27 26 23 22 24 17 16 26 31 23 26 27 32 25 26 23 23 28 22 22 27 28 22 26
B12 "089_Group89" 23 24 28 22 23 23 19 26 18 26 26 22 26 26 24 28 19 21 21 15 22 23 19 23 30 18 16 20 25 25
C12 "090_Group90" 25 26 33 30 24 24 28 28 37 26 32 32 21 20 19 22 21 26 28 20 23 25 26 31 27 23 27 29 30 24
D12 "091_Group91" 24 17 13 23 20 19 12 24 29 35 15 26 17 26 25 31 19 25 28 36 23 18 14 21 18 21 16 22 22 31
E12 "092_Group92" 18 28 37 23 27 26 24 33 34 28 24 32 38 32 18 23 28 17 23 18 13 20 22 17 22 21 19 23 24 19
F12 "093_Group93" 19 28 23 21 34 25 36 24 26 27 31 23 26 21 26 19 26 36 25 26 18 34 25 22 29 30 29 34 23 25
G12 "094_Group94" 23 41 33 27 35 18 21 19 25 33 23 27 23 25 26 27 23 25 16 14 24 19 22 20 24 29 28 20 20 17
H12 "095_Group95" 20 36 27 18 28 25 20 23 24 23 22 28 28 29 20 26 16 18 16 16 8 15 13 20 24 20 18 19 21 21

"<<<<<< Channel Activity >>>>>>"
Channel Well Group/Time[m] 2 4 6 8 10 12 14 16 18 20 22 24 26 28 30 32 34 36 38 40 42 44 46 48 50 52 54 56 58 60
CH0 A1.0 "000_Group0" 25 14 33 28 24 27 28 26 18 26 26 31 26 30 29 25 24 25 25 26 34 35 31 23 29 23 26 25 28 22
CH2 B1.0 "001_Group1" 10 27 20 23 30 12 23 28 33 39 37 40 30 28 35 28 24 28 26 26 31 28 25 26 37 35 34 27 24 20
CH4 C1.0 "002_Group2" 18 27 21 23 31 23 25 30 26 30 22 31 35 34 29 23 16 25 16 24 31 22 27 28 19 22 19 18 23 31
CH6 D1.0 "003_Group3" 21 22 18 12 28 16 12 21 18 11 26 21 25 27 27 21 27 19 25 25 22 23 26 15 24 27 23 27 23 23
CH8 E1.0 "004_Group4" 19 23 34 29 21 23 17 23 21 26 23 25 34 30 20 31 26 23 16 21 22 18 20 19 18 20 15 16 26 22
CH10 F1.0 "005_Group5" 34 25 20 25 29 30 14 20 29 30 19 21 27 22 23 23 28 27 23 23 23 23 30 27 27 29 30 23 18 17
CH12 G1.0 "006_Group6" 25 32 31 25 32 23 25 28 31 24 25 21 18 37 31 19 25 25 15 17 18 22 20 22 19 25 30 21 26 27
CH14 H1.0 "007_Group7" 23 30 29 22 28 23 26 26 17 15 26 26 27 22 28 31 19 22 27 20 30 36 23 32 22 25 19 28 19 26
CH32 A2.0 "008_Group8" 14 18 18 15 16 27 21 21 19 21 11 17 18 21 26 25 18 21 24 21 18 23 20 24 19 24 24 17 17 16
CH34 B2.0 "009_Group9" 29 20 23 17 22 24 24 23 14 22 27 20 18 20 21 23 26 24 23 24 14 16 24 25 18 21 18 18 17 13
CH36 C2.0 "010_Group10" 25 31 27 22 30 23 23 23 27 26 22 21 31 26 26 26 32 28 24 17 22 32 25 21 29 19 24 22 17 26
CH38 D2.0 "011_Group11" 11 27 18 22 14 22 25 19 18 20 21 21 25 36 30 29 19 19 20 21 21 22 24 21 28 30 27 25 33 22
CH40 E2.0 "012_Group12" 21 25 22 22 17 26 19 24 25 26 19 26 32 28 28 24 18 22 17 18 26 30 30 20 23 28 20 26 22 22
CH42 F2.0 "013_Group13" 22 31 28 30 26 23 20 22 24 19 32 29 31 22 27 28 32 27 20 19 34 25 20 28 24 27 26 29 22 30
CH44 G2.0 "014_Group14" 20 32 27 24 25 23 30 22 20 19 23 21 20 24 21 19 23 24 18 17 28 21 35 32 22 19 15 23 19 14
CH46 H2.0 "015_Group15" 31 28 23 24 20 17 26 22 21 26 22 24 22 22 26 22 21 26 19 29 20 27 27 24 25 24 23 21 21 16
CH64 A3.0 "016_Group16" 24 34 31 34 28 34 26 17 30 33 32 38 32 25 31 38 44 33 44 29 31 36 21 22 30 22 25 36 29 49
CH66 B3.0 "017_Group17" 21 1 2 16 7 9 22 22 16 26 40 37 33 32 22 21 36 40 46 46 24 23 25 43 35 23 28 25 38 20
CH68 C3.0 "018_Group18" 25 33 35 44 35 40 17 30 32 47 38 44 32 36 25 28 25 26 34 31 21 19 16 30 45 26 19 29 38 32
CH70 D3.0 "019_Group19" 29 37 33 7 29 39 35 29 36 47 28 29 33 26 35 30 35 33 21 25 27 29 26 29 28 23 30 24 22 26
CH72 E3.0 "020_Group20" 15 32 27 21 24 11 17 25 26 32 29 27 33 26 29 19 24 30 31 44 41 36 32 30 29 33 31 19 21 20
CH74 F3.0 "021_Group21" 21 52 38 27 42 26 17 28 37 36 35 41 30 33 41 37 41 43 37 42 31 30 36 32 22 23 20 26 18 23
CH76 G3.0 "022_Group22" 36 20 18 16 3 5 14 10 39 25 28 32 38 34 31 34 38 41 42 31 31 33 25 39 42 36 45 28 33 23
CH78 H3.0 "023_Group23" 24 27 17 23 28 22 34 23 18 36 47 34 35 29 35 37 18 30 28 30 36 37 33 28 29 34 27 23 26 30
CH96 A4.0 "024_Group24" 13 24 22 19 20 19 21 18 22 10 20 27 25 29 32 17 16 25 19 24 28 22 32 39 30 22 23 20 20 29
CH98 B4.0 "025_Group25" 20 29 24 26 30 27 22 24 27 29 21 21 18 21 26 13 18 16 19 19 17 21 15 20 27 23 22 23 20 23
CH100 C4.0 "026_Group26" 16 31 32 31 32 23 30 26 26 23 16 26 22 25 30 25 23 22 25 20 20 16 16 18 27 25 22 18 17 19
CH102 D4.0 "027_Group27" 29 34 25 33 23 27 23 17 17 23 21 28 24 26 24 25 19 23 23 18 18 37 27 23 26 19 11 15 11 21
CH104 E4.0 "028_Group28" 28 25 24 23 20 29 14 22 14 21 28 22 28 18 16 16 20 20 26 24 27 30 24 20 21 13 28 15 22 18
CH106 F4.0 "029_Group29" 31 26 17 19 25 22 24 19 17 25 30 24 16 21 18 22 21 15 16 20 24 34 27 29 21 23 26 24 24 19
CH108 G4.0 "030_Group30" 17 25 31 25 34 24 27 30 30 17 35 34 28 20 30 24 30 26 23 27 32 24 29 28 22 34 27 22 19 26
CH110 H4.0 "031_Group31" 12 23 27 25 25 24 26 17 22 22 30 22 24 21 18 28 21 15 22 14 19 26 25 17 22 23 17 16 27 27
CH128 A5.0 "032_Group32" 30 32 23 17 15 5 27 33 39 32 38 35 43 23 21 26 31 37 27 34 31 30 16 26 16 22 25 28 21 23
CH130 B5.0 "033_Group33" 26 41 27 18 11 25 28 16 35 36 29 34 39 36 21 38 36 41 39 38 32 46 35 20 21 31 35 32 32 15
CH132 C5.0 "034_Group34" 11 22 17 27 25 31 17 13 18 25 25 28 41 44 27 37 33 44 36 26 37 40 30 19 27 29 25 19 19 25
CH134 D5.0 "035_Group35" 25 37 39 35 25 36 44 42 35 35 26 30 27 33 35 38 35 33 28 25 30 47 24 23 33 20 23 20 16 18
CH136 E5.0 "036_Group36" 21 17 13 17 23 16 12 20 34 43 43 38 41 35 29 44 36 30 42 45 48 26 27 21 27 25 31 20 31 23
CH138 F5.0 "037_Group37" 34 20 24 23 37 28 31 34 37 44 36 26 36 36 30 39 38 42 47 39 33 36 44 31 27 35 38 33 31 21
CH140 G5.0 "038_Group38" 15 19 10 8 16 15 19 18 30 34 22 15 23 18 26 34 26 27 34 22 28 30 35 27 28 34 29 32 45 32
CH142 H5.0 "039_Group39" 29 30 6 6 16 37 31 25 27 20 16 19 19 33 13 26 29 30 28 39 46 37 28 26 32 37 34 37 34 15
CH160 A6.0 "040_Group40" 15 6 20 19 21 17 20 19 20 28 32 30 25 31 32 28 29 31 34 35 28 26 26 36 29 25 30 34 35 22
CH162 B6.0 "041_Group41" 24 15 19 19 15 24 40 28 21 26 18 16 24 22 23 26 27 24 30 22 31 21 22 22 26 23 27 30 25 18
CH164 C6.0 "042_Group42" 47 31 24 22 37 33 23 26 36 31 37 25 31 30 23 30 31 23 31 29 18 25 28 17 26 25 22 23 26 24
CH166 D6.0 "043_Group43" 19 32 34 40 32 31 29 27 31 25 26 19 29 35 21 20 23 21 23 26 19 20 19 18 26 29 27 28 29 35
CH168 E6.0 "044_Group44" 24 8 16 38 27 32 44 30 35 26 23 27 29 28 39 28 29 27 26 21 24 25 31 34 21 23 22 25 28 28
CH170 F6.0 "045_Group45" 41 33 38 32 37 29 35 33 22 30 29 25 27 24 25 22 22 25 16 21 29 29 25 30 24 17 28 32 36 27
CH172 G6.0 "046_Group46" 22 38 35 30 26 26 21 28 33 34 26 23 38 30 15 19 25 24 21 26 10 21 23 29 23 22 31 20 18 19
CH174 H6.0 "047_Group47" 29 37 18 24 33 32 37 30 23 15 15 24 44 34 30 38 30 33 35 35 27 24 33 32 26 24 25 25 36 24
CH192 A7.0 "048_Group48" 28 28 9 7 23 11 15 15 24 23 24 27 22 25 33 31 32 29 28 29 30 31 28 26 31 29 25 24 22 23
CH194 B7.0 "049_Group49" 43 33 20 21 31 25 28 22 23 28 21 26 35 36 27 22 18 35 22 29 35 34 38 31 23 24 23 27 34 19
CH196 C7.0 "050_Group50" 28 18 24 20 33 36 30 31 31 36 32 26 24 25 25 27 27 27 27 36 30 30 38 24 24 24 14 23 25 18
CH198 D7.0 "051_Group51" 26 45 37 33 30 24 21 30 38 31 32 41 36 33 25 20 26 31 34 28 38 30 24 21 29 31 24 14 22 23
CH200 E7.0 "052_Group52" 18 30 40 29 30 18 24 18 35 30 29 27 26 21 23 19 22 25 27 23 24 27 30 24 20 18 28 25 24 23
CH202 F7.0 "053_Group53" 22 35 35 33 27 32 38 27 31 26 25 29 44 25 29 32 31 23 27 28 28 27 25 36 25 30 23 27 24 16
CH204 G7.0 "054_Group54" 24 27 26 31 32 27 22 22 22 17 26 24 21 23 29 29 19 32 29 23 20 23 21 26 22 25 22 27 28 30
CH206 H7.0 "055_Group55" 38 32 25 27 32 22 30 27 27 28 31 24 27 30 28 30 33 27 11 17 29 26 23 33 18 22 26 25 19 20
CH224 A8.0 "056_Group56" 23 36 30 25 33 19 28 27 23 19 21 21 24 28 25 24 24 23 17 27 29 32 14 20 34 24 24 24 21 13
CH226 B8.0 "057_Group57" 18 28 31 21 23 25 22 17 21 17 22 20 15 22 28 18 19 14 23 17 18 18 24 20 30 34 31 23 28 21
CH228 C8.0 "058_Group58" 30 22 29 31 18 24 16 18 27 20 23 17 22 15 16 21 20 20 16 20 19 13 17 17 15 25 25 18 15 20
CH230 D8.0 "059_Group59" 27 36 29 29 25 25 29 22 24 23 32 22 25 15 22 19 29 20 26 16 14 25 23 27 23 26 19 21 22 18
CH232 E8.0 "060_Group60" 37 22 19 16 22 29 20 22 29 20 30 23 26 28 21 23 23 26 18 20 28 19 19 24 25 22 21 23 26 21
CH234 F8.0 "061_Group61" 20 27 27 28 31 22 25 19 36 24 24 28 31 33 29 23 22 25 24 20 24 26 17 24 22 20 26 17 25 18
CH236 G8.0 "062_Group62" 18 40 36 27 32 26 34 27 22 29 28 24 21 25 25 13 13 26 22 27 24 25 31 23 22 20 24 21 27 29
CH238 H8.0 "063_Group63" 16 23 22 16 24 27 26 28 28 23 37 17 30 25 25 21 21 20 18 16 21 25 29 25 18 25 26 19 28 18
CH256 A9.0 "064_Group64" 36 20 22 21 20 14 16 21 26 17 16 21 17 21 20 25 20 19 18 22 14 22 29 23 20 24 19 29 19 21
CH258 B9.0 "065_Group65" 13 24 27 25 32 35 28 25 30 35 24 29 35 34 24 27 28 34 40 25 34 31 25 22 25 24 20 20 24 28
CH260 C9.0 "066_Group66" 22 21 35 33 27 27 29 27 27 23 14 29 25 26 23 39 27 28 24 27 27 23 24 32 26 31 23 16 18 26
CH262 D9.0 "067_Group67" 26 26 27 34 31 26 34 32 25 35 21 25 31 36 33 32 34 27 34 28 25 25 28 19 28 30 26 26 21 19
CH264 E9.0 "068_Group68" 32 26 22 26 32 30 24 21 28 36 21 19 24 19 22 26 22 20 22 32 21 28 27 29 22 22 18 20 29 23
CH266 F9.0 "069_Group69" 24 24 35 29 26 27 24 25 29 31 17 25 30 33 20 24 29 29 30 26 22 21 25 30 26 26 23 28 27 18
CH268 G9.0 "070_Group70" 37 25 21 23 31 23 29 23 25 26 32 30 25 22 25 34 32 28 22 28 24 35 24 28 24 24 22 20 24 27
CH270 H9.0 "071_Group71" 19 33 24 40 22 26 32 31 40 19 17 38 33 23 39 23 29 27 20 23 23 30 22 14 23 23 28 26 14 22
CH288 A10.0 "072_Group72" 49 39 39 37 40 44 35 35 40 29 38 31 42 37 44 42 37 37 24 27 32 29 27 36 29 31 34 24 17 22
CH290 B10.0 "073_Group73" 13 23 24 25 27 15 20 18 24 32 30 33 29 36 39 28 24 27 24 21 36 30 28 30 29 23 23 29 29 37
CH292 C10.0 "074_Group74" 21 39 37 33 48 38 29 39 25 34 29 34 26 29 32 19 25 28 30 19 18 28 31 24 25 23 23 31 26 20
CH294 D10.0 "075_Group75" 23 27 36 24 43 42 34 36 51 36 34 26 22 29 30 23 35 38 29 43 35 39 48 41 39 32 32 33 35 36
CH296 E10.0 "076_Group76" 27 33 51 19 27 30 20 17 27 31 25 40 34 35 40 26 42 45 40 36 25 26 26 22 28 33 27 33 32 33
CH298 F10.0 "077_Group77" 20 11 11 11 10 8 17 22 24 32 35 36 40 44 26 30 22 26 30 24 21 33 23 21 30 21 25 31 27 18
CH300 G10.0 "078_Group78" 29 36 32 17 22 14 40 40 30 40 38 37 41 34 29 23 20 24 28 25 33 19 25 34 27 16 27 36 41 33
CH302 H10.0 "079_Group79" 26 44 32 31 35 30 24 15 35 40 40 30 39 20 24 23 25 29 29 41 25 25 19 25 22 30 27 30 23 25
CH320 A11.0 "080_Group80" 25 22 20 18 22 31 10 25 27 27 18 18 26 20 18 24 21 21 27 26 33 29 33 29 24 27 24 24 20 23
CH322 B11.0 "081_Group81" 22 14 17 25 18 22 19 21 24 25 25 19 42 20 26 24 18 13 19 29 20 22 27 21 27 22 17 18 24 11
CH324 C11.0 "082_Group82" 26 28 28 30 23 22 30 28 19 37 28 29 27 27 21 20 12 24 29 19 27 15 27 16 22 19 19 24 21 15
CH326 D11.0 "083_Group83" 31 26 26 21 19 18 37 21 25 23 28 20 22 21 33 22 21 21 23 19 24 31 26 29 28 24 23 23 20 22
CH328 E11.0 "084_Group84" 21 30 26 28 20 23 17 28 28 28 18 25 26 24 25 28 25 26 25 25 22 17 22 22 19 28 23 26 27 30
CH330 F11.0 "085_Group85" 20 26 25 28 29 27 29 28 24 20 33 32 26 26 20 29 21 19 32 20 26 21 26 32 23 19 13 15 17 35
CH332 G11.0 "086_Group86" 37 30 25 26 22 29 22 20 21 25 18 20 17 25 21 23 17 21 12 28 26 22 20 24 27 24 24 18 15 15
CH334 H11.0 "087_Group87" 33 24 22 24 23 19 22 28 38 26 17 28 26 25 26 22 15 24 19 20 27 18 19 19 16 17 19 26 16 24
CH352 A12.0 "088_Group88" 9 17 21 14 22 25 27 26 23 22 24 17 16 26 31 23 26 27 32 25 26 23 23 28 22 22 27 28 22 26
CH354 B12.0 "089_Group89" 23 24 28 22 23 23 19 26 18 26 26 22 26 26 24 28 19 21 21 15 22 23 19 23 30 18 16 20 25 25
CH356 C12.0 "090_Group90" 25 26 33 30 24 24 28 28 37 26 32 32 21 20 19 22 21 26 28 20 23 25 26 31 27 23 27 29 30 24
CH358 D12.0 "091_Group91" 24 17 13 23 20 19 12 24 29 35 15 26 17 26 25 31 19 25 28 36 23 18 14 21 18 21 16 22 22 31
CH360 E12.0 "092_Group92" 18 28 37 23 27 26 24 33 34 28 24 32 38 32 18 23 28 17 23 18 13 20 22 17 22 21 19 23 24 19
CH362 F12.0 "093_Group93" 19 28 23 21 34 25 36 24 26 27 31 23 26 21 26 19 26 36 25 26 18 34 25 22 29 30 29 34 23 25
CH364 G12.0 "094_Group94" 23 41 33 27 35 18 21 19 25 33 23 27 23 25 26 27 23 25 16 14 24 19 22 20 24 29 28 20 20 17
CH366 H12.0 "095_Group95" 20 36 27 18 28 25 20 23 24 23 22 28 28 29 20 26 16 18 16 16 8 15 13 20 24 20 18 19 21 21
