"DATE:" "3/2/2015 5:17:19 PM"
"FILE:" "C:\Users\AndersenLab\Desktop\wmicrotracker\p00011\20150302_1616"
"SUBPROJECT:" "20150302_zolvix"

"<<<<<< Group Activity: Average Activity Counts per Data Interval>>>>>>"
Group/Time[m] 2 4 6 8 10 12 14 16 18 20 22 24 26 28 30 32 34 36 38 40 42 44 46 48 50 52 54 56 58 60
"000_Group0" 26 25 31 25 32 29 22 25 29 24 29 23 29 25 27 28 23 27 35 42 27 40 36 27 27 23 26 24 27 19
"001_Group1" 17 32 35 23 18 26 27 17 11 14 16 14 16 18 20 19 22 21 22 20 23 31 22 23 32 26 28 29 20 21
"002_Group2" 11 24 27 19 22 26 16 12 11 13 24 11 17 22 20 31 23 19 22 23 23 21 27 13 22 20 18 21 29 18
"003_Group3" 23 33 21 18 18 26 22 18 16 17 14 15 11 19 14 11 19 17 18 22 20 16 20 26 18 18 19 14 12 16
"004_Group4" 21 21 29 17 35 22 17 17 20 18 20 21 19 21 19 11 12 11 8 8 17 12 11 8 17 15 14 16 15 10
"005_Group5" 24 20 16 20 21 18 18 20 25 22 27 17 25 15 10 13 22 18 16 18 8 14 10 11 13 23 18 16 7 20
"006_Group6" 32 21 28 18 16 18 17 31 29 16 20 25 19 13 24 21 20 19 20 20 18 22 16 20 22 21 24 14 19 19
"007_Group7" 14 23 28 24 21 23 29 26 15 21 17 24 16 17 22 26 23 17 14 21 23 16 13 15 23 14 15 17 22 18
"008_Group8" 0 0 0 0 0 0 0 0 0 0 0 0 0 0 0 0 0 0 0 0 0 0 0 0 0 0 0 0 0 0
"009_Group9" 0 0 0 0 0 0 0 0 0 0 0 0 0 0 0 0 0 0 0 0 0 0 0 0 0 0 0 0 0 0
"010_Group10" 0 0 0 0 0 0 0 0 0 0 0 0 0 0 0 0 0 0 0 0 0 0 0 0 0 0 0 0 0 0
"011_Group11" 0 0 0 0 0 0 0 0 0 0 0 0 0 0 0 0 0 0 0 0 0 0 0 0 0 0 0 0 0 0
"012_Group12" 0 0 0 0 0 0 0 0 0 0 0 0 0 0 0 0 0 0 0 0 0 0 0 0 0 0 0 0 0 0
"013_Group13" 0 0 0 0 0 0 0 0 0 0 0 0 0 0 0 0 0 0 0 0 0 0 0 0 0 0 0 0 0 0
"014_Group14" 0 0 0 0 0 0 0 0 0 0 0 0 0 0 0 0 0 0 0 0 0 0 0 0 0 0 0 0 0 0
"015_Group15" 0 0 0 0 0 0 0 0 0 0 0 0 0 0 0 0 0 0 0 0 0 0 0 0 0 0 0 0 0 0
"016_Group16" 13 30 30 39 32 33 41 23 22 39 32 32 32 23 40 53 50 30 26 26 36 27 32 44 22 27 30 32 33 29
"017_Group17" 39 41 40 41 34 37 29 32 35 24 13 21 18 15 13 11 11 14 18 12 15 18 16 13 13 14 12 11 16 12
"018_Group18" 12 21 28 28 32 19 12 12 9 14 18 18 13 16 17 13 15 8 15 8 14 11 8 10 8 5 6 7 5 10
"019_Group19" 6 35 24 7 8 11 22 10 12 9 14 13 11 11 13 11 15 20 13 14 14 16 10 11 18 20 15 7 17 14
"020_Group20" 13 17 9 4 3 16 4 10 9 17 5 10 12 11 13 14 16 12 9 16 18 17 18 17 16 16 14 17 10 11
"021_Group21" 18 31 18 7 6 4 2 6 13 5 13 11 9 8 11 6 15 14 11 10 13 16 10 10 11 9 10 8 10 20
"022_Group22" 29 28 18 7 3 7 11 11 12 12 15 11 16 17 9 20 13 14 13 12 19 14 17 14 13 15 10 15 14 14
"023_Group23" 35 38 37 26 55 21 24 24 18 10 10 14 16 12 11 8 17 16 11 16 12 14 12 27 23 15 19 16 8 16
"024_Group24" 0 0 0 0 0 0 0 0 0 0 0 0 0 0 0 0 0 0 0 0 0 0 0 0 0 0 0 0 0 0
"025_Group25" 0 0 0 0 0 0 0 0 0 0 0 0 0 0 0 0 0 0 0 0 0 0 0 0 0 0 0 0 0 0
"026_Group26" 0 0 0 0 0 0 0 0 0 0 0 0 0 0 0 0 0 0 0 0 0 0 0 0 0 0 0 0 0 0
"027_Group27" 0 0 0 0 0 0 0 0 0 0 0 0 0 0 0 0 0 0 0 0 0 0 0 0 0 0 0 0 0 0
"028_Group28" 0 0 0 0 0 0 0 0 0 0 0 0 0 0 0 0 0 0 0 0 0 0 0 0 0 0 0 0 0 0
"029_Group29" 3 0 0 0 0 0 0 0 0 0 0 0 0 0 0 0 0 0 0 0 0 0 0 0 0 0 0 0 0 0
"030_Group30" 0 0 0 0 0 0 0 0 0 0 0 0 0 0 0 0 0 0 0 0 0 0 0 0 0 0 0 0 0 0
"031_Group31" 0 0 0 0 0 0 0 0 0 0 0 0 0 0 0 0 0 0 0 0 0 0 0 0 0 0 0 0 0 0
"032_Group32" 19 11 11 27 16 31 37 40 45 42 38 44 33 30 37 41 31 28 22 31 26 32 42 42 32 35 32 41 25 35
"033_Group33" 28 34 42 43 44 34 29 28 19 15 22 18 21 12 20 18 18 16 19 16 14 11 13 20 19 8 16 14 13 15
"034_Group34" 19 28 36 41 31 36 25 27 26 17 11 10 11 10 17 12 11 8 17 14 18 12 12 10 14 21 20 14 13 14
"035_Group35" 6 46 36 8 4 3 9 11 8 6 10 13 7 8 13 20 18 12 12 11 12 18 19 13 20 12 13 10 13 15
"036_Group36" 11 26 14 1 9 6 12 12 10 10 11 20 15 15 14 13 9 12 14 13 14 15 8 15 12 20 9 13 12 14
"037_Group37" 16 41 30 5 4 11 12 18 23 21 12 14 18 9 18 14 10 8 10 20 14 13 17 18 17 11 16 12 11 9
"038_Group38" 27 29 30 29 38 33 17 13 10 16 8 14 15 12 12 17 25 17 14 14 17 25 20 20 15 15 14 12 23 22
"039_Group39" 17 25 31 21 12 10 17 13 12 17 21 24 15 15 16 11 20 17 16 18 16 16 15 24 22 15 15 13 17 13
"040_Group40" 22 18 16 16 25 21 20 22 27 33 28 30 30 27 26 28 25 25 28 29 22 27 23 34 29 33 31 30 33 26
"041_Group41" 25 27 32 17 28 21 21 18 25 15 15 18 26 17 19 16 13 12 23 16 18 24 16 16 17 12 8 15 28 8
"042_Group42" 43 16 14 15 14 22 17 10 19 15 15 12 11 14 14 17 19 26 21 20 16 18 14 24 15 13 18 12 19 12
"043_Group43" 24 20 10 7 10 14 12 11 10 16 10 16 16 14 15 17 10 15 10 11 19 28 18 19 13 11 14 11 13 19
"044_Group44" 27 25 18 7 5 4 9 7 10 7 6 15 12 18 16 15 15 20 21 12 17 16 12 14 6 9 11 12 13 13
"045_Group45" 22 25 10 3 9 7 14 15 17 14 15 13 20 15 17 17 15 17 19 19 24 12 21 6 19 15 14 13 18 12
"046_Group46" 39 22 13 14 15 14 22 12 14 17 17 15 18 16 10 17 16 16 14 16 16 13 17 22 17 16 19 18 9 25
"047_Group47" 30 28 21 18 21 23 16 14 17 21 20 19 22 23 23 19 21 17 14 12 15 22 17 18 16 19 13 24 12 17
"048_Group48" 15 12 17 15 18 25 24 26 22 33 29 31 21 27 30 40 26 34 21 27 30 29 32 26 30 24 28 32 26 32
"049_Group49" 33 21 19 12 26 34 20 18 13 10 14 12 13 6 10 12 16 16 18 12 15 18 20 12 12 17 16 12 17 9
"050_Group50" 8 8 19 25 23 18 8 16 14 16 19 17 17 19 13 23 15 10 10 9 11 13 16 14 22 12 20 17 14 12
"051_Group51" 19 10 9 10 9 10 8 12 12 8 9 13 18 15 10 19 21 14 13 16 13 7 14 13 17 7 9 12 9 10
"052_Group52" 23 20 24 4 1 2 2 0 3 6 6 6 7 10 13 11 12 17 14 20 16 14 11 12 13 14 17 10 14 15
"053_Group53" 21 34 13 19 15 12 20 17 11 15 9 12 18 15 15 16 17 14 14 13 18 15 13 8 5 12 13 12 9 13
"054_Group54" 16 22 16 17 17 15 18 17 19 14 16 11 14 11 12 12 25 13 11 16 13 20 10 16 9 17 12 12 10 15
"055_Group55" 28 34 28 24 21 17 21 21 23 16 17 15 18 19 24 21 19 26 16 18 22 18 19 19 22 23 20 25 25 15
"056_Group56" 0 0 0 0 0 0 0 0 0 0 0 0 0 0 0 0 0 0 0 0 0 0 0 0 0 0 0 0 0 0
"057_Group57" 0 0 0 0 0 0 0 0 0 0 0 0 0 0 0 0 0 0 0 0 0 0 0 0 0 0 0 0 0 0
"058_Group58" 0 0 0 0 0 0 0 0 0 0 0 0 0 0 0 0 0 0 0 0 0 0 0 0 0 0 0 0 0 0
"059_Group59" 0 0 0 0 0 0 0 0 0 0 0 0 0 0 0 0 0 0 0 0 0 0 0 0 0 0 0 0 0 0
"060_Group60" 6 0 0 0 0 0 0 0 0 0 0 0 0 0 0 0 0 0 0 0 0 0 0 0 0 0 0 0 0 0
"061_Group61" 0 0 0 0 0 0 0 0 0 0 0 0 0 0 0 0 0 0 0 0 0 0 0 0 0 0 0 0 0 0
"062_Group62" 0 0 0 0 0 0 0 0 0 0 0 0 0 0 0 0 0 0 0 0 0 0 0 0 0 0 0 0 0 0
"063_Group63" 0 0 0 0 0 0 0 0 0 0 0 0 0 0 0 0 0 0 0 0 0 0 0 0 0 0 0 0 0 0
"064_Group64" 41 23 25 17 18 23 38 21 27 27 25 24 28 37 25 21 24 27 26 25 25 34 23 26 28 37 25 34 28 31
"065_Group65" 15 39 24 21 14 17 19 19 29 11 16 16 16 14 15 17 19 21 12 24 20 21 16 15 15 23 15 12 14 7
"066_Group66" 11 16 17 22 20 12 7 12 8 6 14 3 9 6 6 14 11 13 14 17 24 24 22 34 13 17 15 14 21 18
"067_Group67" 13 8 11 6 11 17 8 15 13 17 11 12 11 14 14 14 20 10 17 25 19 17 15 10 9 7 17 11 11 10
"068_Group68" 22 19 12 5 5 10 7 9 7 8 8 7 11 13 15 15 16 9 10 14 16 13 12 12 11 7 15 10 12 12
"069_Group69" 25 17 18 4 7 10 8 12 16 17 14 12 12 11 17 13 17 19 14 17 17 20 14 16 8 14 12 9 14 11
"070_Group70" 24 30 16 11 17 18 8 9 10 7 4 10 11 17 9 12 17 16 27 23 10 16 20 20 19 22 19 13 20 18
"071_Group71" 23 26 29 27 15 18 17 9 22 17 15 13 19 19 17 13 20 14 26 19 26 16 19 14 16 18 15 16 14 16
"072_Group72" 23 21 30 44 32 36 31 22 28 41 45 38 32 46 45 45 30 45 31 34 30 33 38 38 34 22 39 43 38 21
"073_Group73" 10 31 25 32 28 28 41 21 31 22 32 24 23 19 17 19 17 11 17 28 16 19 13 11 13 17 11 16 14 21
"074_Group74" 20 24 27 36 25 26 27 27 24 19 21 39 38 27 29 21 12 12 16 14 19 19 21 15 18 16 19 17 12 14
"075_Group75" 5 34 31 20 12 6 25 12 13 11 16 10 9 8 10 20 14 12 16 18 14 11 13 21 20 12 7 14 16 14
"076_Group76" 14 24 23 5 0 5 10 20 9 7 12 12 15 18 19 13 18 19 15 17 17 18 18 21 13 15 18 20 22 16
"077_Group77" 19 32 33 16 8 12 14 10 15 14 10 9 19 22 17 12 18 17 14 14 13 17 18 14 13 15 16 16 14 14
"078_Group78" 36 40 28 14 2 7 8 9 7 9 11 12 11 17 15 16 25 22 12 17 11 14 11 17 14 17 13 9 16 11
"079_Group79" 39 26 39 43 12 8 15 6 15 16 14 9 8 15 11 9 9 21 9 13 14 16 11 18 8 12 15 6 8 10
"080_Group80" 17 24 34 29 23 24 24 25 26 24 18 23 19 24 31 29 22 31 32 29 27 28 22 19 32 23 17 24 21 23
"081_Group81" 30 26 21 26 19 27 13 14 13 13 14 17 17 18 22 21 20 26 15 14 27 18 24 18 15 24 22 25 31 22
"082_Group82" 26 20 23 26 28 25 15 18 12 9 12 18 25 19 24 28 23 14 14 14 15 17 24 27 15 19 16 17 21 12
"083_Group83" 18 16 18 22 13 18 20 19 30 21 17 15 22 17 23 22 15 21 20 17 25 14 14 22 20 19 23 14 19 14
"084_Group84" 11 29 30 16 26 21 21 21 18 22 18 15 27 15 11 22 24 27 15 15 24 16 24 21 14 19 14 22 18 13
"085_Group85" 16 30 26 19 12 20 25 17 14 15 14 9 23 22 21 14 15 16 16 17 21 15 19 18 21 19 18 12 11 12
"086_Group86" 30 23 18 12 20 16 22 27 25 25 22 16 17 23 15 19 12 16 17 17 14 20 21 20 23 21 20 12 19 22
"087_Group87" 22 17 27 20 18 22 18 14 21 19 19 22 21 22 21 18 20 17 14 28 15 14 11 17 8 13 19 16 19 16
"088_Group88" 13 27 21 27 21 30 20 29 19 31 19 27 37 16 27 22 18 27 20 31 19 20 27 22 25 22 22 34 27 31
"089_Group89" 21 24 26 22 24 25 28 22 20 10 17 17 10 24 15 23 26 20 23 26 19 24 23 21 21 28 19 16 20 21
"090_Group90" 23 22 29 31 29 29 23 25 15 19 24 17 20 22 19 23 26 22 23 21 21 21 21 21 25 20 19 27 19 10
"091_Group91" 18 27 18 17 17 16 16 16 15 13 18 16 19 14 17 19 24 15 20 13 19 19 16 22 21 16 14 14 11 17
"092_Group92" 30 20 17 18 23 18 23 24 19 20 22 20 19 26 21 24 18 21 16 19 17 23 21 21 17 18 16 17 15 20
"093_Group93" 14 25 32 20 18 19 30 23 17 21 20 24 16 17 22 15 17 18 21 25 25 20 34 20 12 13 18 21 17 16
"094_Group94" 16 20 16 20 16 26 19 21 18 15 14 14 16 26 15 14 13 20 22 19 17 19 18 17 15 13 14 18 15 12
"095_Group95" 32 28 27 25 13 25 20 19 25 20 20 19 24 19 26 25 18 18 23 16 16 27 19 19 21 23 23 18 15 13

"<<<<<< Group Activity: Number of wells/group >>>>>>"
Group/Time[m] 2 4 6 8 10 12 14 16 18 20 22 24 26 28 30 32 34 36 38 40 42 44 46 48 50 52 54 56 58 60
"000_Group0" 1 1 1 1 1 1 1 1 1 1 1 1 1 1 1 1 1 1 1 1 1 1 1 1 1 1 1 1 1 1
"001_Group1" 1 1 1 1 1 1 1 1 1 1 1 1 1 1 1 1 1 1 1 1 1 1 1 1 1 1 1 1 1 1
"002_Group2" 1 1 1 1 1 1 1 1 1 1 1 1 1 1 1 1 1 1 1 1 1 1 1 1 1 1 1 1 1 1
"003_Group3" 1 1 1 1 1 1 1 1 1 1 1 1 1 1 1 1 1 1 1 1 1 1 1 1 1 1 1 1 1 1
"004_Group4" 1 1 1 1 1 1 1 1 1 1 1 1 1 1 1 1 1 1 1 1 1 1 1 1 1 1 1 1 1 1
"005_Group5" 1 1 1 1 1 1 1 1 1 1 1 1 1 1 1 1 1 1 1 1 1 1 1 1 1 1 1 1 1 1
"006_Group6" 1 1 1 1 1 1 1 1 1 1 1 1 1 1 1 1 1 1 1 1 1 1 1 1 1 1 1 1 1 1
"007_Group7" 1 1 1 1 1 1 1 1 1 1 1 1 1 1 1 1 1 1 1 1 1 1 1 1 1 1 1 1 1 1
"008_Group8" 1 1 1 1 1 1 1 1 1 1 1 1 1 1 1 1 1 1 1 1 1 1 1 1 1 1 1 1 1 1
"009_Group9" 1 1 1 1 1 1 1 1 1 1 1 1 1 1 1 1 1 1 1 1 1 1 1 1 1 1 1 1 1 1
"010_Group10" 1 1 1 1 1 1 1 1 1 1 1 1 1 1 1 1 1 1 1 1 1 1 1 1 1 1 1 1 1 1
"011_Group11" 1 1 1 1 1 1 1 1 1 1 1 1 1 1 1 1 1 1 1 1 1 1 1 1 1 1 1 1 1 1
"012_Group12" 1 1 1 1 1 1 1 1 1 1 1 1 1 1 1 1 1 1 1 1 1 1 1 1 1 1 1 1 1 1
"013_Group13" 1 1 1 1 1 1 1 1 1 1 1 1 1 1 1 1 1 1 1 1 1 1 1 1 1 1 1 1 1 1
"014_Group14" 1 1 1 1 1 1 1 1 1 1 1 1 1 1 1 1 1 1 1 1 1 1 1 1 1 1 1 1 1 1
"015_Group15" 1 1 1 1 1 1 1 1 1 1 1 1 1 1 1 1 1 1 1 1 1 1 1 1 1 1 1 1 1 1
"016_Group16" 1 1 1 1 1 1 1 1 1 1 1 1 1 1 1 1 1 1 1 1 1 1 1 1 1 1 1 1 1 1
"017_Group17" 1 1 1 1 1 1 1 1 1 1 1 1 1 1 1 1 1 1 1 1 1 1 1 1 1 1 1 1 1 1
"018_Group18" 1 1 1 1 1 1 1 1 1 1 1 1 1 1 1 1 1 1 1 1 1 1 1 1 1 1 1 1 1 1
"019_Group19" 1 1 1 1 1 1 1 1 1 1 1 1 1 1 1 1 1 1 1 1 1 1 1 1 1 1 1 1 1 1
"020_Group20" 1 1 1 1 1 1 1 1 1 1 1 1 1 1 1 1 1 1 1 1 1 1 1 1 1 1 1 1 1 1
"021_Group21" 1 1 1 1 1 1 1 1 1 1 1 1 1 1 1 1 1 1 1 1 1 1 1 1 1 1 1 1 1 1
"022_Group22" 1 1 1 1 1 1 1 1 1 1 1 1 1 1 1 1 1 1 1 1 1 1 1 1 1 1 1 1 1 1
"023_Group23" 1 1 1 1 1 1 1 1 1 1 1 1 1 1 1 1 1 1 1 1 1 1 1 1 1 1 1 1 1 1
"024_Group24" 1 1 1 1 1 1 1 1 1 1 1 1 1 1 1 1 1 1 1 1 1 1 1 1 1 1 1 1 1 1
"025_Group25" 1 1 1 1 1 1 1 1 1 1 1 1 1 1 1 1 1 1 1 1 1 1 1 1 1 1 1 1 1 1
"026_Group26" 1 1 1 1 1 1 1 1 1 1 1 1 1 1 1 1 1 1 1 1 1 1 1 1 1 1 1 1 1 1
"027_Group27" 1 1 1 1 1 1 1 1 1 1 1 1 1 1 1 1 1 1 1 1 1 1 1 1 1 1 1 1 1 1
"028_Group28" 1 1 1 1 1 1 1 1 1 1 1 1 1 1 1 1 1 1 1 1 1 1 1 1 1 1 1 1 1 1
"029_Group29" 1 1 1 1 1 1 1 1 1 1 1 1 1 1 1 1 1 1 1 1 1 1 1 1 1 1 1 1 1 1
"030_Group30" 1 1 1 1 1 1 1 1 1 1 1 1 1 1 1 1 1 1 1 1 1 1 1 1 1 1 1 1 1 1
"031_Group31" 1 1 1 1 1 1 1 1 1 1 1 1 1 1 1 1 1 1 1 1 1 1 1 1 1 1 1 1 1 1
"032_Group32" 1 1 1 1 1 1 1 1 1 1 1 1 1 1 1 1 1 1 1 1 1 1 1 1 1 1 1 1 1 1
"033_Group33" 1 1 1 1 1 1 1 1 1 1 1 1 1 1 1 1 1 1 1 1 1 1 1 1 1 1 1 1 1 1
"034_Group34" 1 1 1 1 1 1 1 1 1 1 1 1 1 1 1 1 1 1 1 1 1 1 1 1 1 1 1 1 1 1
"035_Group35" 1 1 1 1 1 1 1 1 1 1 1 1 1 1 1 1 1 1 1 1 1 1 1 1 1 1 1 1 1 1
"036_Group36" 1 1 1 1 1 1 1 1 1 1 1 1 1 1 1 1 1 1 1 1 1 1 1 1 1 1 1 1 1 1
"037_Group37" 1 1 1 1 1 1 1 1 1 1 1 1 1 1 1 1 1 1 1 1 1 1 1 1 1 1 1 1 1 1
"038_Group38" 1 1 1 1 1 1 1 1 1 1 1 1 1 1 1 1 1 1 1 1 1 1 1 1 1 1 1 1 1 1
"039_Group39" 1 1 1 1 1 1 1 1 1 1 1 1 1 1 1 1 1 1 1 1 1 1 1 1 1 1 1 1 1 1
"040_Group40" 1 1 1 1 1 1 1 1 1 1 1 1 1 1 1 1 1 1 1 1 1 1 1 1 1 1 1 1 1 1
"041_Group41" 1 1 1 1 1 1 1 1 1 1 1 1 1 1 1 1 1 1 1 1 1 1 1 1 1 1 1 1 1 1
"042_Group42" 1 1 1 1 1 1 1 1 1 1 1 1 1 1 1 1 1 1 1 1 1 1 1 1 1 1 1 1 1 1
"043_Group43" 1 1 1 1 1 1 1 1 1 1 1 1 1 1 1 1 1 1 1 1 1 1 1 1 1 1 1 1 1 1
"044_Group44" 1 1 1 1 1 1 1 1 1 1 1 1 1 1 1 1 1 1 1 1 1 1 1 1 1 1 1 1 1 1
"045_Group45" 1 1 1 1 1 1 1 1 1 1 1 1 1 1 1 1 1 1 1 1 1 1 1 1 1 1 1 1 1 1
"046_Group46" 1 1 1 1 1 1 1 1 1 1 1 1 1 1 1 1 1 1 1 1 1 1 1 1 1 1 1 1 1 1
"047_Group47" 1 1 1 1 1 1 1 1 1 1 1 1 1 1 1 1 1 1 1 1 1 1 1 1 1 1 1 1 1 1
"048_Group48" 1 1 1 1 1 1 1 1 1 1 1 1 1 1 1 1 1 1 1 1 1 1 1 1 1 1 1 1 1 1
"049_Group49" 1 1 1 1 1 1 1 1 1 1 1 1 1 1 1 1 1 1 1 1 1 1 1 1 1 1 1 1 1 1
"050_Group50" 1 1 1 1 1 1 1 1 1 1 1 1 1 1 1 1 1 1 1 1 1 1 1 1 1 1 1 1 1 1
"051_Group51" 1 1 1 1 1 1 1 1 1 1 1 1 1 1 1 1 1 1 1 1 1 1 1 1 1 1 1 1 1 1
"052_Group52" 1 1 1 1 1 1 1 1 1 1 1 1 1 1 1 1 1 1 1 1 1 1 1 1 1 1 1 1 1 1
"053_Group53" 1 1 1 1 1 1 1 1 1 1 1 1 1 1 1 1 1 1 1 1 1 1 1 1 1 1 1 1 1 1
"054_Group54" 1 1 1 1 1 1 1 1 1 1 1 1 1 1 1 1 1 1 1 1 1 1 1 1 1 1 1 1 1 1
"055_Group55" 1 1 1 1 1 1 1 1 1 1 1 1 1 1 1 1 1 1 1 1 1 1 1 1 1 1 1 1 1 1
"056_Group56" 1 1 1 1 1 1 1 1 1 1 1 1 1 1 1 1 1 1 1 1 1 1 1 1 1 1 1 1 1 1
"057_Group57" 1 1 1 1 1 1 1 1 1 1 1 1 1 1 1 1 1 1 1 1 1 1 1 1 1 1 1 1 1 1
"058_Group58" 1 1 1 1 1 1 1 1 1 1 1 1 1 1 1 1 1 1 1 1 1 1 1 1 1 1 1 1 1 1
"059_Group59" 1 1 1 1 1 1 1 1 1 1 1 1 1 1 1 1 1 1 1 1 1 1 1 1 1 1 1 1 1 1
"060_Group60" 1 1 1 1 1 1 1 1 1 1 1 1 1 1 1 1 1 1 1 1 1 1 1 1 1 1 1 1 1 1
"061_Group61" 1 1 1 1 1 1 1 1 1 1 1 1 1 1 1 1 1 1 1 1 1 1 1 1 1 1 1 1 1 1
"062_Group62" 1 1 1 1 1 1 1 1 1 1 1 1 1 1 1 1 1 1 1 1 1 1 1 1 1 1 1 1 1 1
"063_Group63" 1 1 1 1 1 1 1 1 1 1 1 1 1 1 1 1 1 1 1 1 1 1 1 1 1 1 1 1 1 1
"064_Group64" 1 1 1 1 1 1 1 1 1 1 1 1 1 1 1 1 1 1 1 1 1 1 1 1 1 1 1 1 1 1
"065_Group65" 1 1 1 1 1 1 1 1 1 1 1 1 1 1 1 1 1 1 1 1 1 1 1 1 1 1 1 1 1 1
"066_Group66" 1 1 1 1 1 1 1 1 1 1 1 1 1 1 1 1 1 1 1 1 1 1 1 1 1 1 1 1 1 1
"067_Group67" 1 1 1 1 1 1 1 1 1 1 1 1 1 1 1 1 1 1 1 1 1 1 1 1 1 1 1 1 1 1
"068_Group68" 1 1 1 1 1 1 1 1 1 1 1 1 1 1 1 1 1 1 1 1 1 1 1 1 1 1 1 1 1 1
"069_Group69" 1 1 1 1 1 1 1 1 1 1 1 1 1 1 1 1 1 1 1 1 1 1 1 1 1 1 1 1 1 1
"070_Group70" 1 1 1 1 1 1 1 1 1 1 1 1 1 1 1 1 1 1 1 1 1 1 1 1 1 1 1 1 1 1
"071_Group71" 1 1 1 1 1 1 1 1 1 1 1 1 1 1 1 1 1 1 1 1 1 1 1 1 1 1 1 1 1 1
"072_Group72" 1 1 1 1 1 1 1 1 1 1 1 1 1 1 1 1 1 1 1 1 1 1 1 1 1 1 1 1 1 1
"073_Group73" 1 1 1 1 1 1 1 1 1 1 1 1 1 1 1 1 1 1 1 1 1 1 1 1 1 1 1 1 1 1
"074_Group74" 1 1 1 1 1 1 1 1 1 1 1 1 1 1 1 1 1 1 1 1 1 1 1 1 1 1 1 1 1 1
"075_Group75" 1 1 1 1 1 1 1 1 1 1 1 1 1 1 1 1 1 1 1 1 1 1 1 1 1 1 1 1 1 1
"076_Group76" 1 1 1 1 1 1 1 1 1 1 1 1 1 1 1 1 1 1 1 1 1 1 1 1 1 1 1 1 1 1
"077_Group77" 1 1 1 1 1 1 1 1 1 1 1 1 1 1 1 1 1 1 1 1 1 1 1 1 1 1 1 1 1 1
"078_Group78" 1 1 1 1 1 1 1 1 1 1 1 1 1 1 1 1 1 1 1 1 1 1 1 1 1 1 1 1 1 1
"079_Group79" 1 1 1 1 1 1 1 1 1 1 1 1 1 1 1 1 1 1 1 1 1 1 1 1 1 1 1 1 1 1
"080_Group80" 1 1 1 1 1 1 1 1 1 1 1 1 1 1 1 1 1 1 1 1 1 1 1 1 1 1 1 1 1 1
"081_Group81" 1 1 1 1 1 1 1 1 1 1 1 1 1 1 1 1 1 1 1 1 1 1 1 1 1 1 1 1 1 1
"082_Group82" 1 1 1 1 1 1 1 1 1 1 1 1 1 1 1 1 1 1 1 1 1 1 1 1 1 1 1 1 1 1
"083_Group83" 1 1 1 1 1 1 1 1 1 1 1 1 1 1 1 1 1 1 1 1 1 1 1 1 1 1 1 1 1 1
"084_Group84" 1 1 1 1 1 1 1 1 1 1 1 1 1 1 1 1 1 1 1 1 1 1 1 1 1 1 1 1 1 1
"085_Group85" 1 1 1 1 1 1 1 1 1 1 1 1 1 1 1 1 1 1 1 1 1 1 1 1 1 1 1 1 1 1
"086_Group86" 1 1 1 1 1 1 1 1 1 1 1 1 1 1 1 1 1 1 1 1 1 1 1 1 1 1 1 1 1 1
"087_Group87" 1 1 1 1 1 1 1 1 1 1 1 1 1 1 1 1 1 1 1 1 1 1 1 1 1 1 1 1 1 1
"088_Group88" 1 1 1 1 1 1 1 1 1 1 1 1 1 1 1 1 1 1 1 1 1 1 1 1 1 1 1 1 1 1
"089_Group89" 1 1 1 1 1 1 1 1 1 1 1 1 1 1 1 1 1 1 1 1 1 1 1 1 1 1 1 1 1 1
"090_Group90" 1 1 1 1 1 1 1 1 1 1 1 1 1 1 1 1 1 1 1 1 1 1 1 1 1 1 1 1 1 1
"091_Group91" 1 1 1 1 1 1 1 1 1 1 1 1 1 1 1 1 1 1 1 1 1 1 1 1 1 1 1 1 1 1
"092_Group92" 1 1 1 1 1 1 1 1 1 1 1 1 1 1 1 1 1 1 1 1 1 1 1 1 1 1 1 1 1 1
"093_Group93" 1 1 1 1 1 1 1 1 1 1 1 1 1 1 1 1 1 1 1 1 1 1 1 1 1 1 1 1 1 1
"094_Group94" 1 1 1 1 1 1 1 1 1 1 1 1 1 1 1 1 1 1 1 1 1 1 1 1 1 1 1 1 1 1
"095_Group95" 1 1 1 1 1 1 1 1 1 1 1 1 1 1 1 1 1 1 1 1 1 1 1 1 1 1 1 1 1 1

"<<<<<< Number of Samples per Acquisition Interval [1unit=500values] >>>>>>"
Time[m] 2 4 6 8 10 12 14 16 18 20 22 24 26 28 30 32 34 36 38 40 42 44 46 48 50 52 54 56 58 60 
#Samples 2 2 2 2 2 2 2 2 2 2 2 2 2 2 2 2 2 2 2 2 2 2 2 2 2 2 2 2 2 2 

"<<<<<< Average Temperature [°C] >>>>>>"
Time[m] 2 4 6 8 10 12 14 16 18 20 22 24 26 28 30 32 34 36 38 40 42 44 46 48 50 52 54 56 58 60 
Temp[°C] 21.6 21.6 21.6 21.6 21.6 21.6 21.6 21.6 21.6 21.6 21.6 21.6 21.6 21.6 21.6 21.6 21.6 21.6 21.6 21.6 21.6 21.6 21.6 21.6 21.5 21.6 21.5 21.5 21.5 21.6 

"<<<<<< Well Activity >>>>>>"
Well Group/Time[m] 2 4 6 8 10 12 14 16 18 20 22 24 26 28 30 32 34 36 38 40 42 44 46 48 50 52 54 56 58 60
A1 "000_Group0" 26 25 31 25 32 29 22 25 29 24 29 23 29 25 27 28 23 27 35 42 27 40 36 27 27 23 26 24 27 19
B1 "001_Group1" 17 32 35 23 18 26 27 17 11 14 16 14 16 18 20 19 22 21 22 20 23 31 22 23 32 26 28 29 20 21
C1 "002_Group2" 11 24 27 19 22 26 16 12 11 13 24 11 17 22 20 31 23 19 22 23 23 21 27 13 22 20 18 21 29 18
D1 "003_Group3" 23 33 21 18 18 26 22 18 16 17 14 15 11 19 14 11 19 17 18 22 20 16 20 26 18 18 19 14 12 16
E1 "004_Group4" 21 21 29 17 35 22 17 17 20 18 20 21 19 21 19 11 12 11 8 8 17 12 11 8 17 15 14 16 15 10
F1 "005_Group5" 24 20 16 20 21 18 18 20 25 22 27 17 25 15 10 13 22 18 16 18 8 14 10 11 13 23 18 16 7 20
G1 "006_Group6" 32 21 28 18 16 18 17 31 29 16 20 25 19 13 24 21 20 19 20 20 18 22 16 20 22 21 24 14 19 19
H1 "007_Group7" 14 23 28 24 21 23 29 26 15 21 17 24 16 17 22 26 23 17 14 21 23 16 13 15 23 14 15 17 22 18
A2 "008_Group8" 0 0 0 0 0 0 0 0 0 0 0 0 0 0 0 0 0 0 0 0 0 0 0 0 0 0 0 0 0 0
B2 "009_Group9" 0 0 0 0 0 0 0 0 0 0 0 0 0 0 0 0 0 0 0 0 0 0 0 0 0 0 0 0 0 0
C2 "010_Group10" 0 0 0 0 0 0 0 0 0 0 0 0 0 0 0 0 0 0 0 0 0 0 0 0 0 0 0 0 0 0
D2 "011_Group11" 0 0 0 0 0 0 0 0 0 0 0 0 0 0 0 0 0 0 0 0 0 0 0 0 0 0 0 0 0 0
E2 "012_Group12" 0 0 0 0 0 0 0 0 0 0 0 0 0 0 0 0 0 0 0 0 0 0 0 0 0 0 0 0 0 0
F2 "013_Group13" 0 0 0 0 0 0 0 0 0 0 0 0 0 0 0 0 0 0 0 0 0 0 0 0 0 0 0 0 0 0
G2 "014_Group14" 0 0 0 0 0 0 0 0 0 0 0 0 0 0 0 0 0 0 0 0 0 0 0 0 0 0 0 0 0 0
H2 "015_Group15" 0 0 0 0 0 0 0 0 0 0 0 0 0 0 0 0 0 0 0 0 0 0 0 0 0 0 0 0 0 0
A3 "016_Group16" 13 30 30 39 32 33 41 23 22 39 32 32 32 23 40 53 50 30 26 26 36 27 32 44 22 27 30 32 33 29
B3 "017_Group17" 39 41 40 41 34 37 29 32 35 24 13 21 18 15 13 11 11 14 18 12 15 18 16 13 13 14 12 11 16 12
C3 "018_Group18" 12 21 28 28 32 19 12 12 9 14 18 18 13 16 17 13 15 8 15 8 14 11 8 10 8 5 6 7 5 10
D3 "019_Group19" 6 35 24 7 8 11 22 10 12 9 14 13 11 11 13 11 15 20 13 14 14 16 10 11 18 20 15 7 17 14
E3 "020_Group20" 13 17 9 4 3 16 4 10 9 17 5 10 12 11 13 14 16 12 9 16 18 17 18 17 16 16 14 17 10 11
F3 "021_Group21" 18 31 18 7 6 4 2 6 13 5 13 11 9 8 11 6 15 14 11 10 13 16 10 10 11 9 10 8 10 20
G3 "022_Group22" 29 28 18 7 3 7 11 11 12 12 15 11 16 17 9 20 13 14 13 12 19 14 17 14 13 15 10 15 14 14
H3 "023_Group23" 35 38 37 26 55 21 24 24 18 10 10 14 16 12 11 8 17 16 11 16 12 14 12 27 23 15 19 16 8 16
A4 "024_Group24" 0 0 0 0 0 0 0 0 0 0 0 0 0 0 0 0 0 0 0 0 0 0 0 0 0 0 0 0 0 0
B4 "025_Group25" 0 0 0 0 0 0 0 0 0 0 0 0 0 0 0 0 0 0 0 0 0 0 0 0 0 0 0 0 0 0
C4 "026_Group26" 0 0 0 0 0 0 0 0 0 0 0 0 0 0 0 0 0 0 0 0 0 0 0 0 0 0 0 0 0 0
D4 "027_Group27" 0 0 0 0 0 0 0 0 0 0 0 0 0 0 0 0 0 0 0 0 0 0 0 0 0 0 0 0 0 0
E4 "028_Group28" 0 0 0 0 0 0 0 0 0 0 0 0 0 0 0 0 0 0 0 0 0 0 0 0 0 0 0 0 0 0
F4 "029_Group29" 3 0 0 0 0 0 0 0 0 0 0 0 0 0 0 0 0 0 0 0 0 0 0 0 0 0 0 0 0 0
G4 "030_Group30" 0 0 0 0 0 0 0 0 0 0 0 0 0 0 0 0 0 0 0 0 0 0 0 0 0 0 0 0 0 0
H4 "031_Group31" 0 0 0 0 0 0 0 0 0 0 0 0 0 0 0 0 0 0 0 0 0 0 0 0 0 0 0 0 0 0
A5 "032_Group32" 19 11 11 27 16 31 37 40 45 42 38 44 33 30 37 41 31 28 22 31 26 32 42 42 32 35 32 41 25 35
B5 "033_Group33" 28 34 42 43 44 34 29 28 19 15 22 18 21 12 20 18 18 16 19 16 14 11 13 20 19 8 16 14 13 15
C5 "034_Group34" 19 28 36 41 31 36 25 27 26 17 11 10 11 10 17 12 11 8 17 14 18 12 12 10 14 21 20 14 13 14
D5 "035_Group35" 6 46 36 8 4 3 9 11 8 6 10 13 7 8 13 20 18 12 12 11 12 18 19 13 20 12 13 10 13 15
E5 "036_Group36" 11 26 14 1 9 6 12 12 10 10 11 20 15 15 14 13 9 12 14 13 14 15 8 15 12 20 9 13 12 14
F5 "037_Group37" 16 41 30 5 4 11 12 18 23 21 12 14 18 9 18 14 10 8 10 20 14 13 17 18 17 11 16 12 11 9
G5 "038_Group38" 27 29 30 29 38 33 17 13 10 16 8 14 15 12 12 17 25 17 14 14 17 25 20 20 15 15 14 12 23 22
H5 "039_Group39" 17 25 31 21 12 10 17 13 12 17 21 24 15 15 16 11 20 17 16 18 16 16 15 24 22 15 15 13 17 13
A6 "040_Group40" 22 18 16 16 25 21 20 22 27 33 28 30 30 27 26 28 25 25 28 29 22 27 23 34 29 33 31 30 33 26
B6 "041_Group41" 25 27 32 17 28 21 21 18 25 15 15 18 26 17 19 16 13 12 23 16 18 24 16 16 17 12 8 15 28 8
C6 "042_Group42" 43 16 14 15 14 22 17 10 19 15 15 12 11 14 14 17 19 26 21 20 16 18 14 24 15 13 18 12 19 12
D6 "043_Group43" 24 20 10 7 10 14 12 11 10 16 10 16 16 14 15 17 10 15 10 11 19 28 18 19 13 11 14 11 13 19
E6 "044_Group44" 27 25 18 7 5 4 9 7 10 7 6 15 12 18 16 15 15 20 21 12 17 16 12 14 6 9 11 12 13 13
F6 "045_Group45" 22 25 10 3 9 7 14 15 17 14 15 13 20 15 17 17 15 17 19 19 24 12 21 6 19 15 14 13 18 12
G6 "046_Group46" 39 22 13 14 15 14 22 12 14 17 17 15 18 16 10 17 16 16 14 16 16 13 17 22 17 16 19 18 9 25
H6 "047_Group47" 30 28 21 18 21 23 16 14 17 21 20 19 22 23 23 19 21 17 14 12 15 22 17 18 16 19 13 24 12 17
A7 "048_Group48" 15 12 17 15 18 25 24 26 22 33 29 31 21 27 30 40 26 34 21 27 30 29 32 26 30 24 28 32 26 32
B7 "049_Group49" 33 21 19 12 26 34 20 18 13 10 14 12 13 6 10 12 16 16 18 12 15 18 20 12 12 17 16 12 17 9
C7 "050_Group50" 8 8 19 25 23 18 8 16 14 16 19 17 17 19 13 23 15 10 10 9 11 13 16 14 22 12 20 17 14 12
D7 "051_Group51" 19 10 9 10 9 10 8 12 12 8 9 13 18 15 10 19 21 14 13 16 13 7 14 13 17 7 9 12 9 10
E7 "052_Group52" 23 20 24 4 1 2 2 0 3 6 6 6 7 10 13 11 12 17 14 20 16 14 11 12 13 14 17 10 14 15
F7 "053_Group53" 21 34 13 19 15 12 20 17 11 15 9 12 18 15 15 16 17 14 14 13 18 15 13 8 5 12 13 12 9 13
G7 "054_Group54" 16 22 16 17 17 15 18 17 19 14 16 11 14 11 12 12 25 13 11 16 13 20 10 16 9 17 12 12 10 15
H7 "055_Group55" 28 34 28 24 21 17 21 21 23 16 17 15 18 19 24 21 19 26 16 18 22 18 19 19 22 23 20 25 25 15
A8 "056_Group56" 0 0 0 0 0 0 0 0 0 0 0 0 0 0 0 0 0 0 0 0 0 0 0 0 0 0 0 0 0 0
B8 "057_Group57" 0 0 0 0 0 0 0 0 0 0 0 0 0 0 0 0 0 0 0 0 0 0 0 0 0 0 0 0 0 0
C8 "058_Group58" 0 0 0 0 0 0 0 0 0 0 0 0 0 0 0 0 0 0 0 0 0 0 0 0 0 0 0 0 0 0
D8 "059_Group59" 0 0 0 0 0 0 0 0 0 0 0 0 0 0 0 0 0 0 0 0 0 0 0 0 0 0 0 0 0 0
E8 "060_Group60" 6 0 0 0 0 0 0 0 0 0 0 0 0 0 0 0 0 0 0 0 0 0 0 0 0 0 0 0 0 0
F8 "061_Group61" 0 0 0 0 0 0 0 0 0 0 0 0 0 0 0 0 0 0 0 0 0 0 0 0 0 0 0 0 0 0
G8 "062_Group62" 0 0 0 0 0 0 0 0 0 0 0 0 0 0 0 0 0 0 0 0 0 0 0 0 0 0 0 0 0 0
H8 "063_Group63" 0 0 0 0 0 0 0 0 0 0 0 0 0 0 0 0 0 0 0 0 0 0 0 0 0 0 0 0 0 0
A9 "064_Group64" 41 23 25 17 18 23 38 21 27 27 25 24 28 37 25 21 24 27 26 25 25 34 23 26 28 37 25 34 28 31
B9 "065_Group65" 15 39 24 21 14 17 19 19 29 11 16 16 16 14 15 17 19 21 12 24 20 21 16 15 15 23 15 12 14 7
C9 "066_Group66" 11 16 17 22 20 12 7 12 8 6 14 3 9 6 6 14 11 13 14 17 24 24 22 34 13 17 15 14 21 18
D9 "067_Group67" 13 8 11 6 11 17 8 15 13 17 11 12 11 14 14 14 20 10 17 25 19 17 15 10 9 7 17 11 11 10
E9 "068_Group68" 22 19 12 5 5 10 7 9 7 8 8 7 11 13 15 15 16 9 10 14 16 13 12 12 11 7 15 10 12 12
F9 "069_Group69" 25 17 18 4 7 10 8 12 16 17 14 12 12 11 17 13 17 19 14 17 17 20 14 16 8 14 12 9 14 11
G9 "070_Group70" 24 30 16 11 17 18 8 9 10 7 4 10 11 17 9 12 17 16 27 23 10 16 20 20 19 22 19 13 20 18
H9 "071_Group71" 23 26 29 27 15 18 17 9 22 17 15 13 19 19 17 13 20 14 26 19 26 16 19 14 16 18 15 16 14 16
A10 "072_Group72" 23 21 30 44 32 36 31 22 28 41 45 38 32 46 45 45 30 45 31 34 30 33 38 38 34 22 39 43 38 21
B10 "073_Group73" 10 31 25 32 28 28 41 21 31 22 32 24 23 19 17 19 17 11 17 28 16 19 13 11 13 17 11 16 14 21
C10 "074_Group74" 20 24 27 36 25 26 27 27 24 19 21 39 38 27 29 21 12 12 16 14 19 19 21 15 18 16 19 17 12 14
D10 "075_Group75" 5 34 31 20 12 6 25 12 13 11 16 10 9 8 10 20 14 12 16 18 14 11 13 21 20 12 7 14 16 14
E10 "076_Group76" 14 24 23 5 0 5 10 20 9 7 12 12 15 18 19 13 18 19 15 17 17 18 18 21 13 15 18 20 22 16
F10 "077_Group77" 19 32 33 16 8 12 14 10 15 14 10 9 19 22 17 12 18 17 14 14 13 17 18 14 13 15 16 16 14 14
G10 "078_Group78" 36 40 28 14 2 7 8 9 7 9 11 12 11 17 15 16 25 22 12 17 11 14 11 17 14 17 13 9 16 11
H10 "079_Group79" 39 26 39 43 12 8 15 6 15 16 14 9 8 15 11 9 9 21 9 13 14 16 11 18 8 12 15 6 8 10
A11 "080_Group80" 17 24 34 29 23 24 24 25 26 24 18 23 19 24 31 29 22 31 32 29 27 28 22 19 32 23 17 24 21 23
B11 "081_Group81" 30 26 21 26 19 27 13 14 13 13 14 17 17 18 22 21 20 26 15 14 27 18 24 18 15 24 22 25 31 22
C11 "082_Group82" 26 20 23 26 28 25 15 18 12 9 12 18 25 19 24 28 23 14 14 14 15 17 24 27 15 19 16 17 21 12
D11 "083_Group83" 18 16 18 22 13 18 20 19 30 21 17 15 22 17 23 22 15 21 20 17 25 14 14 22 20 19 23 14 19 14
E11 "084_Group84" 11 29 30 16 26 21 21 21 18 22 18 15 27 15 11 22 24 27 15 15 24 16 24 21 14 19 14 22 18 13
F11 "085_Group85" 16 30 26 19 12 20 25 17 14 15 14 9 23 22 21 14 15 16 16 17 21 15 19 18 21 19 18 12 11 12
G11 "086_Group86" 30 23 18 12 20 16 22 27 25 25 22 16 17 23 15 19 12 16 17 17 14 20 21 20 23 21 20 12 19 22
H11 "087_Group87" 22 17 27 20 18 22 18 14 21 19 19 22 21 22 21 18 20 17 14 28 15 14 11 17 8 13 19 16 19 16
A12 "088_Group88" 13 27 21 27 21 30 20 29 19 31 19 27 37 16 27 22 18 27 20 31 19 20 27 22 25 22 22 34 27 31
B12 "089_Group89" 21 24 26 22 24 25 28 22 20 10 17 17 10 24 15 23 26 20 23 26 19 24 23 21 21 28 19 16 20 21
C12 "090_Group90" 23 22 29 31 29 29 23 25 15 19 24 17 20 22 19 23 26 22 23 21 21 21 21 21 25 20 19 27 19 10
D12 "091_Group91" 18 27 18 17 17 16 16 16 15 13 18 16 19 14 17 19 24 15 20 13 19 19 16 22 21 16 14 14 11 17
E12 "092_Group92" 30 20 17 18 23 18 23 24 19 20 22 20 19 26 21 24 18 21 16 19 17 23 21 21 17 18 16 17 15 20
F12 "093_Group93" 14 25 32 20 18 19 30 23 17 21 20 24 16 17 22 15 17 18 21 25 25 20 34 20 12 13 18 21 17 16
G12 "094_Group94" 16 20 16 20 16 26 19 21 18 15 14 14 16 26 15 14 13 20 22 19 17 19 18 17 15 13 14 18 15 12
H12 "095_Group95" 32 28 27 25 13 25 20 19 25 20 20 19 24 19 26 25 18 18 23 16 16 27 19 19 21 23 23 18 15 13

"<<<<<< Channel Activity >>>>>>"
Channel Well Group/Time[m] 2 4 6 8 10 12 14 16 18 20 22 24 26 28 30 32 34 36 38 40 42 44 46 48 50 52 54 56 58 60
CH0 A1.0 "000_Group0" 26 25 31 25 32 29 22 25 29 24 29 23 29 25 27 28 23 27 35 42 27 40 36 27 27 23 26 24 27 19
CH2 B1.0 "001_Group1" 17 32 35 23 18 26 27 17 11 14 16 14 16 18 20 19 22 21 22 20 23 31 22 23 32 26 28 29 20 21
CH4 C1.0 "002_Group2" 11 24 27 19 22 26 16 12 11 13 24 11 17 22 20 31 23 19 22 23 23 21 27 13 22 20 18 21 29 18
CH6 D1.0 "003_Group3" 23 33 21 18 18 26 22 18 16 17 14 15 11 19 14 11 19 17 18 22 20 16 20 26 18 18 19 14 12 16
CH8 E1.0 "004_Group4" 21 21 29 17 35 22 17 17 20 18 20 21 19 21 19 11 12 11 8 8 17 12 11 8 17 15 14 16 15 10
CH10 F1.0 "005_Group5" 24 20 16 20 21 18 18 20 25 22 27 17 25 15 10 13 22 18 16 18 8 14 10 11 13 23 18 16 7 20
CH12 G1.0 "006_Group6" 32 21 28 18 16 18 17 31 29 16 20 25 19 13 24 21 20 19 20 20 18 22 16 20 22 21 24 14 19 19
CH14 H1.0 "007_Group7" 14 23 28 24 21 23 29 26 15 21 17 24 16 17 22 26 23 17 14 21 23 16 13 15 23 14 15 17 22 18
CH32 A2.0 "008_Group8" 0 0 0 0 0 0 0 0 0 0 0 0 0 0 0 0 0 0 0 0 0 0 0 0 0 0 0 0 0 0
CH34 B2.0 "009_Group9" 0 0 0 0 0 0 0 0 0 0 0 0 0 0 0 0 0 0 0 0 0 0 0 0 0 0 0 0 0 0
CH36 C2.0 "010_Group10" 0 0 0 0 0 0 0 0 0 0 0 0 0 0 0 0 0 0 0 0 0 0 0 0 0 0 0 0 0 0
CH38 D2.0 "011_Group11" 0 0 0 0 0 0 0 0 0 0 0 0 0 0 0 0 0 0 0 0 0 0 0 0 0 0 0 0 0 0
CH40 E2.0 "012_Group12" 0 0 0 0 0 0 0 0 0 0 0 0 0 0 0 0 0 0 0 0 0 0 0 0 0 0 0 0 0 0
CH42 F2.0 "013_Group13" 0 0 0 0 0 0 0 0 0 0 0 0 0 0 0 0 0 0 0 0 0 0 0 0 0 0 0 0 0 0
CH44 G2.0 "014_Group14" 0 0 0 0 0 0 0 0 0 0 0 0 0 0 0 0 0 0 0 0 0 0 0 0 0 0 0 0 0 0
CH46 H2.0 "015_Group15" 0 0 0 0 0 0 0 0 0 0 0 0 0 0 0 0 0 0 0 0 0 0 0 0 0 0 0 0 0 0
CH64 A3.0 "016_Group16" 13 30 30 39 32 33 41 23 22 39 32 32 32 23 40 53 50 30 26 26 36 27 32 44 22 27 30 32 33 29
CH66 B3.0 "017_Group17" 39 41 40 41 34 37 29 32 35 24 13 21 18 15 13 11 11 14 18 12 15 18 16 13 13 14 12 11 16 12
CH68 C3.0 "018_Group18" 12 21 28 28 32 19 12 12 9 14 18 18 13 16 17 13 15 8 15 8 14 11 8 10 8 5 6 7 5 10
CH70 D3.0 "019_Group19" 6 35 24 7 8 11 22 10 12 9 14 13 11 11 13 11 15 20 13 14 14 16 10 11 18 20 15 7 17 14
CH72 E3.0 "020_Group20" 13 17 9 4 3 16 4 10 9 17 5 10 12 11 13 14 16 12 9 16 18 17 18 17 16 16 14 17 10 11
CH74 F3.0 "021_Group21" 18 31 18 7 6 4 2 6 13 5 13 11 9 8 11 6 15 14 11 10 13 16 10 10 11 9 10 8 10 20
CH76 G3.0 "022_Group22" 29 28 18 7 3 7 11 11 12 12 15 11 16 17 9 20 13 14 13 12 19 14 17 14 13 15 10 15 14 14
CH78 H3.0 "023_Group23" 35 38 37 26 55 21 24 24 18 10 10 14 16 12 11 8 17 16 11 16 12 14 12 27 23 15 19 16 8 16
CH96 A4.0 "024_Group24" 0 0 0 0 0 0 0 0 0 0 0 0 0 0 0 0 0 0 0 0 0 0 0 0 0 0 0 0 0 0
CH98 B4.0 "025_Group25" 0 0 0 0 0 0 0 0 0 0 0 0 0 0 0 0 0 0 0 0 0 0 0 0 0 0 0 0 0 0
CH100 C4.0 "026_Group26" 0 0 0 0 0 0 0 0 0 0 0 0 0 0 0 0 0 0 0 0 0 0 0 0 0 0 0 0 0 0
CH102 D4.0 "027_Group27" 0 0 0 0 0 0 0 0 0 0 0 0 0 0 0 0 0 0 0 0 0 0 0 0 0 0 0 0 0 0
CH104 E4.0 "028_Group28" 0 0 0 0 0 0 0 0 0 0 0 0 0 0 0 0 0 0 0 0 0 0 0 0 0 0 0 0 0 0
CH106 F4.0 "029_Group29" 3 0 0 0 0 0 0 0 0 0 0 0 0 0 0 0 0 0 0 0 0 0 0 0 0 0 0 0 0 0
CH108 G4.0 "030_Group30" 0 0 0 0 0 0 0 0 0 0 0 0 0 0 0 0 0 0 0 0 0 0 0 0 0 0 0 0 0 0
CH110 H4.0 "031_Group31" 0 0 0 0 0 0 0 0 0 0 0 0 0 0 0 0 0 0 0 0 0 0 0 0 0 0 0 0 0 0
CH128 A5.0 "032_Group32" 19 11 11 27 16 31 37 40 45 42 38 44 33 30 37 41 31 28 22 31 26 32 42 42 32 35 32 41 25 35
CH130 B5.0 "033_Group33" 28 34 42 43 44 34 29 28 19 15 22 18 21 12 20 18 18 16 19 16 14 11 13 20 19 8 16 14 13 15
CH132 C5.0 "034_Group34" 19 28 36 41 31 36 25 27 26 17 11 10 11 10 17 12 11 8 17 14 18 12 12 10 14 21 20 14 13 14
CH134 D5.0 "035_Group35" 6 46 36 8 4 3 9 11 8 6 10 13 7 8 13 20 18 12 12 11 12 18 19 13 20 12 13 10 13 15
CH136 E5.0 "036_Group36" 11 26 14 1 9 6 12 12 10 10 11 20 15 15 14 13 9 12 14 13 14 15 8 15 12 20 9 13 12 14
CH138 F5.0 "037_Group37" 16 41 30 5 4 11 12 18 23 21 12 14 18 9 18 14 10 8 10 20 14 13 17 18 17 11 16 12 11 9
CH140 G5.0 "038_Group38" 27 29 30 29 38 33 17 13 10 16 8 14 15 12 12 17 25 17 14 14 17 25 20 20 15 15 14 12 23 22
CH142 H5.0 "039_Group39" 17 25 31 21 12 10 17 13 12 17 21 24 15 15 16 11 20 17 16 18 16 16 15 24 22 15 15 13 17 13
CH160 A6.0 "040_Group40" 22 18 16 16 25 21 20 22 27 33 28 30 30 27 26 28 25 25 28 29 22 27 23 34 29 33 31 30 33 26
CH162 B6.0 "041_Group41" 25 27 32 17 28 21 21 18 25 15 15 18 26 17 19 16 13 12 23 16 18 24 16 16 17 12 8 15 28 8
CH164 C6.0 "042_Group42" 43 16 14 15 14 22 17 10 19 15 15 12 11 14 14 17 19 26 21 20 16 18 14 24 15 13 18 12 19 12
CH166 D6.0 "043_Group43" 24 20 10 7 10 14 12 11 10 16 10 16 16 14 15 17 10 15 10 11 19 28 18 19 13 11 14 11 13 19
CH168 E6.0 "044_Group44" 27 25 18 7 5 4 9 7 10 7 6 15 12 18 16 15 15 20 21 12 17 16 12 14 6 9 11 12 13 13
CH170 F6.0 "045_Group45" 22 25 10 3 9 7 14 15 17 14 15 13 20 15 17 17 15 17 19 19 24 12 21 6 19 15 14 13 18 12
CH172 G6.0 "046_Group46" 39 22 13 14 15 14 22 12 14 17 17 15 18 16 10 17 16 16 14 16 16 13 17 22 17 16 19 18 9 25
CH174 H6.0 "047_Group47" 30 28 21 18 21 23 16 14 17 21 20 19 22 23 23 19 21 17 14 12 15 22 17 18 16 19 13 24 12 17
CH192 A7.0 "048_Group48" 15 12 17 15 18 25 24 26 22 33 29 31 21 27 30 40 26 34 21 27 30 29 32 26 30 24 28 32 26 32
CH194 B7.0 "049_Group49" 33 21 19 12 26 34 20 18 13 10 14 12 13 6 10 12 16 16 18 12 15 18 20 12 12 17 16 12 17 9
CH196 C7.0 "050_Group50" 8 8 19 25 23 18 8 16 14 16 19 17 17 19 13 23 15 10 10 9 11 13 16 14 22 12 20 17 14 12
CH198 D7.0 "051_Group51" 19 10 9 10 9 10 8 12 12 8 9 13 18 15 10 19 21 14 13 16 13 7 14 13 17 7 9 12 9 10
CH200 E7.0 "052_Group52" 23 20 24 4 1 2 2 0 3 6 6 6 7 10 13 11 12 17 14 20 16 14 11 12 13 14 17 10 14 15
CH202 F7.0 "053_Group53" 21 34 13 19 15 12 20 17 11 15 9 12 18 15 15 16 17 14 14 13 18 15 13 8 5 12 13 12 9 13
CH204 G7.0 "054_Group54" 16 22 16 17 17 15 18 17 19 14 16 11 14 11 12 12 25 13 11 16 13 20 10 16 9 17 12 12 10 15
CH206 H7.0 "055_Group55" 28 34 28 24 21 17 21 21 23 16 17 15 18 19 24 21 19 26 16 18 22 18 19 19 22 23 20 25 25 15
CH224 A8.0 "056_Group56" 0 0 0 0 0 0 0 0 0 0 0 0 0 0 0 0 0 0 0 0 0 0 0 0 0 0 0 0 0 0
CH226 B8.0 "057_Group57" 0 0 0 0 0 0 0 0 0 0 0 0 0 0 0 0 0 0 0 0 0 0 0 0 0 0 0 0 0 0
CH228 C8.0 "058_Group58" 0 0 0 0 0 0 0 0 0 0 0 0 0 0 0 0 0 0 0 0 0 0 0 0 0 0 0 0 0 0
CH230 D8.0 "059_Group59" 0 0 0 0 0 0 0 0 0 0 0 0 0 0 0 0 0 0 0 0 0 0 0 0 0 0 0 0 0 0
CH232 E8.0 "060_Group60" 6 0 0 0 0 0 0 0 0 0 0 0 0 0 0 0 0 0 0 0 0 0 0 0 0 0 0 0 0 0
CH234 F8.0 "061_Group61" 0 0 0 0 0 0 0 0 0 0 0 0 0 0 0 0 0 0 0 0 0 0 0 0 0 0 0 0 0 0
CH236 G8.0 "062_Group62" 0 0 0 0 0 0 0 0 0 0 0 0 0 0 0 0 0 0 0 0 0 0 0 0 0 0 0 0 0 0
CH238 H8.0 "063_Group63" 0 0 0 0 0 0 0 0 0 0 0 0 0 0 0 0 0 0 0 0 0 0 0 0 0 0 0 0 0 0
CH256 A9.0 "064_Group64" 41 23 25 17 18 23 38 21 27 27 25 24 28 37 25 21 24 27 26 25 25 34 23 26 28 37 25 34 28 31
CH258 B9.0 "065_Group65" 15 39 24 21 14 17 19 19 29 11 16 16 16 14 15 17 19 21 12 24 20 21 16 15 15 23 15 12 14 7
CH260 C9.0 "066_Group66" 11 16 17 22 20 12 7 12 8 6 14 3 9 6 6 14 11 13 14 17 24 24 22 34 13 17 15 14 21 18
CH262 D9.0 "067_Group67" 13 8 11 6 11 17 8 15 13 17 11 12 11 14 14 14 20 10 17 25 19 17 15 10 9 7 17 11 11 10
CH264 E9.0 "068_Group68" 22 19 12 5 5 10 7 9 7 8 8 7 11 13 15 15 16 9 10 14 16 13 12 12 11 7 15 10 12 12
CH266 F9.0 "069_Group69" 25 17 18 4 7 10 8 12 16 17 14 12 12 11 17 13 17 19 14 17 17 20 14 16 8 14 12 9 14 11
CH268 G9.0 "070_Group70" 24 30 16 11 17 18 8 9 10 7 4 10 11 17 9 12 17 16 27 23 10 16 20 20 19 22 19 13 20 18
CH270 H9.0 "071_Group71" 23 26 29 27 15 18 17 9 22 17 15 13 19 19 17 13 20 14 26 19 26 16 19 14 16 18 15 16 14 16
CH288 A10.0 "072_Group72" 23 21 30 44 32 36 31 22 28 41 45 38 32 46 45 45 30 45 31 34 30 33 38 38 34 22 39 43 38 21
CH290 B10.0 "073_Group73" 10 31 25 32 28 28 41 21 31 22 32 24 23 19 17 19 17 11 17 28 16 19 13 11 13 17 11 16 14 21
CH292 C10.0 "074_Group74" 20 24 27 36 25 26 27 27 24 19 21 39 38 27 29 21 12 12 16 14 19 19 21 15 18 16 19 17 12 14
CH294 D10.0 "075_Group75" 5 34 31 20 12 6 25 12 13 11 16 10 9 8 10 20 14 12 16 18 14 11 13 21 20 12 7 14 16 14
CH296 E10.0 "076_Group76" 14 24 23 5 0 5 10 20 9 7 12 12 15 18 19 13 18 19 15 17 17 18 18 21 13 15 18 20 22 16
CH298 F10.0 "077_Group77" 19 32 33 16 8 12 14 10 15 14 10 9 19 22 17 12 18 17 14 14 13 17 18 14 13 15 16 16 14 14
CH300 G10.0 "078_Group78" 36 40 28 14 2 7 8 9 7 9 11 12 11 17 15 16 25 22 12 17 11 14 11 17 14 17 13 9 16 11
CH302 H10.0 "079_Group79" 39 26 39 43 12 8 15 6 15 16 14 9 8 15 11 9 9 21 9 13 14 16 11 18 8 12 15 6 8 10
CH320 A11.0 "080_Group80" 17 24 34 29 23 24 24 25 26 24 18 23 19 24 31 29 22 31 32 29 27 28 22 19 32 23 17 24 21 23
CH322 B11.0 "081_Group81" 30 26 21 26 19 27 13 14 13 13 14 17 17 18 22 21 20 26 15 14 27 18 24 18 15 24 22 25 31 22
CH324 C11.0 "082_Group82" 26 20 23 26 28 25 15 18 12 9 12 18 25 19 24 28 23 14 14 14 15 17 24 27 15 19 16 17 21 12
CH326 D11.0 "083_Group83" 18 16 18 22 13 18 20 19 30 21 17 15 22 17 23 22 15 21 20 17 25 14 14 22 20 19 23 14 19 14
CH328 E11.0 "084_Group84" 11 29 30 16 26 21 21 21 18 22 18 15 27 15 11 22 24 27 15 15 24 16 24 21 14 19 14 22 18 13
CH330 F11.0 "085_Group85" 16 30 26 19 12 20 25 17 14 15 14 9 23 22 21 14 15 16 16 17 21 15 19 18 21 19 18 12 11 12
CH332 G11.0 "086_Group86" 30 23 18 12 20 16 22 27 25 25 22 16 17 23 15 19 12 16 17 17 14 20 21 20 23 21 20 12 19 22
CH334 H11.0 "087_Group87" 22 17 27 20 18 22 18 14 21 19 19 22 21 22 21 18 20 17 14 28 15 14 11 17 8 13 19 16 19 16
CH352 A12.0 "088_Group88" 13 27 21 27 21 30 20 29 19 31 19 27 37 16 27 22 18 27 20 31 19 20 27 22 25 22 22 34 27 31
CH354 B12.0 "089_Group89" 21 24 26 22 24 25 28 22 20 10 17 17 10 24 15 23 26 20 23 26 19 24 23 21 21 28 19 16 20 21
CH356 C12.0 "090_Group90" 23 22 29 31 29 29 23 25 15 19 24 17 20 22 19 23 26 22 23 21 21 21 21 21 25 20 19 27 19 10
CH358 D12.0 "091_Group91" 18 27 18 17 17 16 16 16 15 13 18 16 19 14 17 19 24 15 20 13 19 19 16 22 21 16 14 14 11 17
CH360 E12.0 "092_Group92" 30 20 17 18 23 18 23 24 19 20 22 20 19 26 21 24 18 21 16 19 17 23 21 21 17 18 16 17 15 20
CH362 F12.0 "093_Group93" 14 25 32 20 18 19 30 23 17 21 20 24 16 17 22 15 17 18 21 25 25 20 34 20 12 13 18 21 17 16
CH364 G12.0 "094_Group94" 16 20 16 20 16 26 19 21 18 15 14 14 16 26 15 14 13 20 22 19 17 19 18 17 15 13 14 18 15 12
CH366 H12.0 "095_Group95" 32 28 27 25 13 25 20 19 25 20 20 19 24 19 26 25 18 18 23 16 16 27 19 19 21 23 23 18 15 13
