"DATE:" "3/2/2015 1:09:18 PM"
"FILE:" "C:\Users\AndersenLab\Desktop\wmicrotracker\p00011\20150302_1207"
"SUBPROJECT:" "20150302_fenbendazole"

"<<<<<< Group Activity: Average Activity Counts per Data Interval>>>>>>"
Group/Time[m] 2 4 6 8 10 12 14 16 18 20 22 24 26 28 30 32 34 36 38 40 42 44 46 48 50 52 54 56 58 60
"000_Group0" 22 38 25 24 31 28 16 16 22 17 18 17 24 17 20 27 18 25 25 19 34 30 32 15 27 26 26 19 10 19
"001_Group1" 22 26 32 25 31 32 20 26 26 21 24 23 27 18 25 27 23 23 31 14 27 24 21 26 22 21 23 18 29 32
"002_Group2" 16 21 28 25 29 28 23 28 25 24 27 30 30 22 25 20 16 18 21 24 15 24 26 28 31 24 26 26 25 21
"003_Group3" 28 23 24 23 26 21 18 14 33 27 25 27 31 34 32 26 25 28 31 25 23 25 21 27 30 27 22 27 17 16
"004_Group4" 33 34 29 29 25 26 24 28 27 27 22 17 28 20 24 24 18 25 22 28 24 24 30 24 28 31 27 27 26 15
"005_Group5" 24 32 35 21 29 36 21 22 23 15 20 24 25 25 28 21 25 26 18 20 14 15 27 22 22 25 21 30 24 27
"006_Group6" 22 34 38 27 34 26 23 33 35 27 27 26 25 24 30 18 25 19 22 21 18 18 25 26 25 25 23 25 31 21
"007_Group7" 38 30 32 35 28 26 24 21 24 24 20 23 30 23 22 17 9 10 14 15 22 20 20 13 24 17 12 20 10 9
"008_Group8" 19 25 32 30 30 24 28 23 21 20 16 24 24 21 22 25 18 22 18 17 17 29 25 19 28 17 22 8 21 28
"009_Group9" 13 26 30 28 41 30 24 19 20 26 27 25 34 26 31 26 21 20 21 42 19 15 19 24 18 17 17 18 20 22
"010_Group10" 22 27 22 20 27 29 26 29 22 29 29 36 26 29 21 31 30 22 26 27 22 32 18 15 17 16 21 22 27 26
"011_Group11" 28 34 28 30 32 24 28 20 20 27 27 34 32 28 24 20 31 24 25 26 32 24 22 25 23 27 25 26 23 22
"012_Group12" 34 28 25 35 34 26 25 23 29 30 24 29 30 23 18 23 25 32 27 23 22 25 24 34 24 22 24 28 24 30
"013_Group13" 21 32 34 37 34 34 30 33 29 29 26 25 29 28 21 25 33 26 42 23 30 28 26 30 25 20 19 14 17 17
"014_Group14" 27 28 35 32 31 22 22 23 17 25 23 23 22 21 24 23 19 23 21 31 21 24 18 26 17 18 25 17 28 28
"015_Group15" 29 25 32 30 29 30 16 26 21 31 24 23 22 24 24 16 19 23 14 18 18 29 19 19 23 8 15 17 11 19
"016_Group16" 9 24 36 32 34 26 20 29 32 47 30 33 29 27 20 32 39 33 36 19 22 29 36 41 24 32 46 38 35 42
"017_Group17" 19 40 53 39 42 40 40 40 35 30 40 33 28 44 34 30 43 42 43 39 47 32 27 36 40 39 39 33 22 39
"018_Group18" 22 19 20 22 35 44 23 27 41 45 38 22 25 28 47 27 27 34 40 43 38 35 37 29 45 30 21 28 29 26
"019_Group19" 32 29 49 37 32 43 35 47 39 33 37 34 36 33 34 35 28 29 40 37 37 41 42 34 41 31 27 33 40 40
"020_Group20" 42 52 45 43 29 34 42 30 50 44 31 27 40 37 29 33 37 33 28 39 39 19 27 22 28 29 35 42 36 24
"021_Group21" 29 45 40 40 35 44 34 12 18 19 19 17 27 31 24 31 30 22 28 36 27 28 36 31 25 24 33 45 38 33
"022_Group22" 25 35 46 36 30 35 41 38 33 31 29 23 25 23 17 24 30 27 40 36 37 28 30 41 47 38 41 29 33 21
"023_Group23" 43 54 39 43 32 34 42 25 31 29 32 24 30 24 23 34 17 35 27 19 21 19 14 27 23 15 19 22 20 23
"024_Group24" 26 27 33 32 17 19 16 18 29 27 25 18 20 22 28 21 22 20 20 23 21 20 25 23 29 25 22 21 28 22
"025_Group25" 17 23 26 28 21 29 26 27 21 31 25 27 28 23 31 30 21 29 26 23 26 19 26 30 27 18 31 32 18 29
"026_Group26" 23 31 20 28 31 23 22 22 24 23 20 19 18 22 24 23 22 22 22 20 25 18 22 18 21 18 24 22 28 22
"027_Group27" 34 28 26 33 25 38 33 26 22 23 20 26 29 19 22 20 19 23 37 32 21 21 23 26 22 23 29 24 25 18
"028_Group28" 24 36 31 26 20 29 22 13 22 16 24 26 26 25 21 23 22 18 23 22 21 24 24 27 29 27 28 17 18 19
"029_Group29" 16 33 21 27 26 33 27 34 24 27 22 26 20 28 26 21 30 26 26 26 19 24 28 19 23 28 21 25 32 18
"030_Group30" 22 28 19 23 19 25 15 16 22 20 18 23 26 22 24 29 25 25 28 25 27 19 18 25 23 24 19 31 29 22
"031_Group31" 27 39 23 25 21 20 30 18 27 16 17 22 24 22 19 22 13 18 19 19 17 16 20 21 22 26 18 23 25 15
"032_Group32" 29 28 26 11 8 13 21 31 25 21 33 33 17 22 33 48 34 46 26 34 34 23 46 45 38 36 30 24 30 21
"033_Group33" 16 19 21 25 31 30 35 44 39 23 33 21 29 40 34 36 46 39 32 35 29 34 27 28 22 22 25 25 29 34
"034_Group34" 38 44 36 32 29 30 45 43 35 45 32 22 32 25 16 21 25 30 32 41 37 23 29 19 31 28 24 34 24 24
"035_Group35" 31 18 19 26 33 30 47 31 30 32 39 29 39 38 53 47 47 42 40 46 25 35 35 34 27 25 24 31 25 25
"036_Group36" 35 55 37 37 47 46 47 39 41 41 37 39 38 28 36 28 24 17 33 29 21 20 31 23 45 38 33 38 36 37
"037_Group37" 24 49 32 31 28 18 26 32 30 30 46 39 33 35 40 42 27 28 19 18 25 26 31 21 30 30 27 19 16 25
"038_Group38" 13 33 39 44 43 18 19 26 24 27 32 37 29 23 45 40 36 30 29 24 33 26 28 33 37 29 35 32 23 22
"039_Group39" 39 40 30 37 33 39 37 25 23 35 39 37 35 33 24 34 39 22 22 37 29 36 40 32 29 32 27 39 42 27
"040_Group40" 35 33 37 37 29 21 25 29 17 28 24 21 29 44 34 23 30 32 27 32 30 28 26 21 21 29 23 23 27 22
"041_Group41" 25 38 28 25 31 25 28 29 27 25 18 23 25 27 31 33 28 32 22 26 30 33 30 29 24 31 30 29 19 40
"042_Group42" 26 25 19 20 32 30 33 29 29 24 35 36 27 27 31 18 33 30 40 28 27 23 21 19 25 21 22 28 25 23
"043_Group43" 29 36 32 24 38 29 22 33 26 28 27 26 27 20 27 31 31 22 27 28 28 27 30 34 23 33 21 30 25 22
"044_Group44" 38 39 37 31 36 33 30 21 31 31 39 23 26 31 31 25 24 28 27 23 23 33 32 37 30 19 31 25 20 26
"045_Group45" 26 25 35 35 40 36 33 33 24 31 26 32 29 17 32 27 32 28 19 25 35 36 23 19 24 30 22 22 20 31
"046_Group46" 20 30 45 42 30 26 24 24 37 38 33 38 46 37 31 38 29 32 26 30 15 22 27 26 29 24 23 22 26 23
"047_Group47" 43 36 28 27 31 41 35 43 27 37 35 29 25 22 11 37 26 23 24 26 16 21 21 23 36 19 22 26 23 14
"048_Group48" 24 22 25 27 25 20 24 19 33 28 24 31 27 30 24 16 22 31 35 21 22 22 30 25 27 26 24 39 30 20
"049_Group49" 23 33 40 27 33 33 32 32 34 32 25 39 30 26 24 34 29 32 29 22 25 25 31 27 22 26 27 29 29 25
"050_Group50" 20 24 24 39 36 32 32 29 35 28 35 31 35 24 18 26 26 24 25 19 23 36 31 23 23 27 27 22 25 18
"051_Group51" 32 32 24 29 32 36 34 30 27 33 34 33 35 32 26 22 38 32 20 28 38 31 27 22 37 36 36 29 20 24
"052_Group52" 46 36 27 20 25 22 22 28 26 36 35 31 25 32 28 32 31 27 34 34 23 25 27 33 31 26 30 31 30 31
"053_Group53" 17 30 31 21 27 31 27 25 30 24 24 25 30 29 26 16 23 30 24 20 33 33 33 27 26 26 32 23 35 24
"054_Group54" 24 32 29 34 30 35 32 33 38 32 38 28 29 23 20 24 21 23 25 20 31 31 21 28 24 33 34 31 27 30
"055_Group55" 33 27 20 25 26 35 35 31 29 29 21 26 33 33 30 29 30 26 38 31 20 27 24 17 19 20 18 20 12 16
"056_Group56" 22 27 22 20 25 22 28 25 30 25 26 27 25 31 29 24 20 22 25 36 27 26 21 25 25 32 34 27 29 21
"057_Group57" 19 36 35 21 21 26 20 23 30 24 29 34 21 17 27 34 30 33 25 23 20 23 26 25 23 12 24 21 24 24
"058_Group58" 19 28 20 19 26 28 22 22 25 30 30 21 25 20 29 29 29 21 28 31 26 26 30 26 31 24 25 19 28 20
"059_Group59" 16 16 25 30 19 21 25 33 29 30 22 30 20 29 24 27 21 20 25 27 22 22 20 23 15 20 22 30 22 19
"060_Group60" 25 25 26 23 19 27 28 29 24 21 23 24 23 26 32 23 29 24 19 28 23 26 20 15 18 22 14 17 13 24
"061_Group61" 16 29 25 36 35 30 28 31 24 24 32 29 26 21 24 40 35 30 30 19 31 15 26 21 25 16 15 18 18 19
"062_Group62" 23 24 27 34 21 28 37 25 26 26 33 31 23 23 30 23 25 24 24 21 22 28 25 21 29 21 18 21 22 19
"063_Group63" 25 14 17 26 26 21 20 21 31 27 21 26 17 18 24 19 21 21 22 23 21 21 21 25 14 14 16 16 16 13
"064_Group64" 44 21 31 25 27 21 26 28 19 28 27 28 30 39 31 32 22 26 24 19 24 23 29 30 34 27 23 29 31 29
"065_Group65" 23 35 34 32 38 29 27 26 31 30 31 35 25 29 32 31 30 28 28 28 32 34 32 21 29 28 26 35 31 29
"066_Group66" 23 32 33 29 42 25 25 37 35 27 27 26 23 31 22 20 22 27 39 27 35 24 25 29 25 30 29 30 31 32
"067_Group67" 30 30 29 32 34 29 27 23 26 22 27 34 26 28 31 18 33 33 36 30 32 32 33 28 40 25 28 31 30 23
"068_Group68" 22 29 44 33 24 30 21 19 31 33 28 22 29 38 38 42 27 26 30 17 15 21 20 21 30 34 21 30 20 26
"069_Group69" 10 41 25 27 32 36 33 36 30 27 29 15 19 29 36 28 20 31 27 21 29 27 32 28 19 22 25 19 23 32
"070_Group70" 28 31 40 40 33 27 27 25 32 26 23 18 28 21 35 25 23 25 34 25 22 15 23 18 22 22 27 25 27 20
"071_Group71" 32 36 30 36 31 31 21 30 25 27 28 25 28 21 17 20 20 23 19 35 17 25 25 23 31 23 30 24 26 18
"072_Group72" 28 31 26 38 43 39 38 36 30 35 40 40 30 46 42 44 45 34 44 27 41 39 35 36 43 40 34 48 28 32
"073_Group73" 7 23 37 40 30 37 35 23 36 37 41 46 45 33 32 26 34 20 37 25 24 33 25 29 26 35 24 45 39 28
"074_Group74" 29 44 38 43 38 36 43 45 46 36 39 23 41 36 32 34 27 28 31 33 32 47 35 33 36 38 32 31 27 34
"075_Group75" 42 39 36 42 46 42 33 35 39 43 35 42 44 34 34 35 41 44 35 34 40 36 29 31 30 39 32 26 24 25
"076_Group76" 43 36 30 29 23 31 38 27 41 32 31 34 34 44 21 26 29 27 33 19 16 30 29 29 31 17 26 25 33 27
"077_Group77" 7 38 45 38 38 43 49 44 42 39 30 30 33 44 37 32 39 35 33 44 31 30 41 40 36 34 40 21 37 25
"078_Group78" 21 39 32 32 31 32 32 41 41 31 33 36 26 40 21 24 32 23 26 27 29 35 29 27 26 34 29 32 28 30
"079_Group79" 27 42 40 32 32 29 24 36 38 41 42 33 27 35 32 31 28 39 31 32 25 31 39 27 28 24 36 30 20 30
"080_Group80" 33 33 22 14 28 19 32 29 31 29 23 21 21 21 19 24 23 24 27 22 18 25 23 25 25 23 31 16 22 20
"081_Group81" 16 25 28 43 27 26 28 30 24 20 17 30 21 29 34 22 27 19 23 25 26 31 25 24 28 28 28 23 24 22
"082_Group82" 26 32 21 26 29 21 24 26 27 24 25 30 28 22 24 30 21 25 18 21 21 23 18 24 23 30 19 27 25 25
"083_Group83" 31 28 25 30 25 20 23 25 30 25 19 29 22 35 30 28 28 23 23 26 26 27 27 21 18 27 22 28 30 28
"084_Group84" 29 27 32 21 28 27 27 29 31 31 27 23 29 29 33 27 24 21 25 31 24 18 25 24 21 21 19 25 25 24
"085_Group85" 21 32 26 19 28 24 24 26 25 23 38 27 21 33 27 20 23 30 26 27 34 18 19 18 24 22 22 21 24 23
"086_Group86" 28 27 33 28 24 25 33 27 24 31 38 24 36 22 27 22 26 29 25 24 23 27 17 22 27 24 18 24 25 21
"087_Group87" 30 31 23 34 35 33 19 21 15 21 21 20 23 29 20 22 24 23 18 28 21 18 16 14 18 22 16 21 15 12
"088_Group88" 23 33 27 35 26 28 26 26 26 19 23 21 33 35 30 29 30 34 24 29 26 20 29 24 33 21 27 20 28 26
"089_Group89" 25 24 24 32 25 18 27 33 32 23 30 38 24 25 35 27 26 27 26 34 28 29 16 28 29 33 26 23 23 28
"090_Group90" 33 30 26 24 29 33 24 33 36 30 26 33 25 32 13 14 24 21 22 27 25 23 26 26 31 30 24 29 24 32
"091_Group91" 24 22 25 26 22 29 30 24 22 31 28 29 22 25 16 27 28 26 25 26 23 20 32 23 30 31 27 25 27 21
"092_Group92" 21 33 32 30 25 21 24 26 28 19 25 33 26 23 22 20 24 20 24 21 27 18 17 19 27 25 19 23 22 16
"093_Group93" 19 33 26 21 28 21 34 35 20 22 38 21 31 32 30 25 22 19 20 16 19 23 22 36 27 30 24 27 18 21
"094_Group94" 21 27 28 25 28 35 28 33 23 22 19 18 21 20 21 17 24 18 24 25 28 23 26 25 32 18 22 22 15 15
"095_Group95" 29 19 31 28 19 33 24 26 23 18 27 37 31 26 26 27 18 24 18 28 25 21 25 18 27 22 18 11 21 21

"<<<<<< Group Activity: Number of wells/group >>>>>>"
Group/Time[m] 2 4 6 8 10 12 14 16 18 20 22 24 26 28 30 32 34 36 38 40 42 44 46 48 50 52 54 56 58 60
"000_Group0" 1 1 1 1 1 1 1 1 1 1 1 1 1 1 1 1 1 1 1 1 1 1 1 1 1 1 1 1 1 1
"001_Group1" 1 1 1 1 1 1 1 1 1 1 1 1 1 1 1 1 1 1 1 1 1 1 1 1 1 1 1 1 1 1
"002_Group2" 1 1 1 1 1 1 1 1 1 1 1 1 1 1 1 1 1 1 1 1 1 1 1 1 1 1 1 1 1 1
"003_Group3" 1 1 1 1 1 1 1 1 1 1 1 1 1 1 1 1 1 1 1 1 1 1 1 1 1 1 1 1 1 1
"004_Group4" 1 1 1 1 1 1 1 1 1 1 1 1 1 1 1 1 1 1 1 1 1 1 1 1 1 1 1 1 1 1
"005_Group5" 1 1 1 1 1 1 1 1 1 1 1 1 1 1 1 1 1 1 1 1 1 1 1 1 1 1 1 1 1 1
"006_Group6" 1 1 1 1 1 1 1 1 1 1 1 1 1 1 1 1 1 1 1 1 1 1 1 1 1 1 1 1 1 1
"007_Group7" 1 1 1 1 1 1 1 1 1 1 1 1 1 1 1 1 1 1 1 1 1 1 1 1 1 1 1 1 1 1
"008_Group8" 1 1 1 1 1 1 1 1 1 1 1 1 1 1 1 1 1 1 1 1 1 1 1 1 1 1 1 1 1 1
"009_Group9" 1 1 1 1 1 1 1 1 1 1 1 1 1 1 1 1 1 1 1 1 1 1 1 1 1 1 1 1 1 1
"010_Group10" 1 1 1 1 1 1 1 1 1 1 1 1 1 1 1 1 1 1 1 1 1 1 1 1 1 1 1 1 1 1
"011_Group11" 1 1 1 1 1 1 1 1 1 1 1 1 1 1 1 1 1 1 1 1 1 1 1 1 1 1 1 1 1 1
"012_Group12" 1 1 1 1 1 1 1 1 1 1 1 1 1 1 1 1 1 1 1 1 1 1 1 1 1 1 1 1 1 1
"013_Group13" 1 1 1 1 1 1 1 1 1 1 1 1 1 1 1 1 1 1 1 1 1 1 1 1 1 1 1 1 1 1
"014_Group14" 1 1 1 1 1 1 1 1 1 1 1 1 1 1 1 1 1 1 1 1 1 1 1 1 1 1 1 1 1 1
"015_Group15" 1 1 1 1 1 1 1 1 1 1 1 1 1 1 1 1 1 1 1 1 1 1 1 1 1 1 1 1 1 1
"016_Group16" 1 1 1 1 1 1 1 1 1 1 1 1 1 1 1 1 1 1 1 1 1 1 1 1 1 1 1 1 1 1
"017_Group17" 1 1 1 1 1 1 1 1 1 1 1 1 1 1 1 1 1 1 1 1 1 1 1 1 1 1 1 1 1 1
"018_Group18" 1 1 1 1 1 1 1 1 1 1 1 1 1 1 1 1 1 1 1 1 1 1 1 1 1 1 1 1 1 1
"019_Group19" 1 1 1 1 1 1 1 1 1 1 1 1 1 1 1 1 1 1 1 1 1 1 1 1 1 1 1 1 1 1
"020_Group20" 1 1 1 1 1 1 1 1 1 1 1 1 1 1 1 1 1 1 1 1 1 1 1 1 1 1 1 1 1 1
"021_Group21" 1 1 1 1 1 1 1 1 1 1 1 1 1 1 1 1 1 1 1 1 1 1 1 1 1 1 1 1 1 1
"022_Group22" 1 1 1 1 1 1 1 1 1 1 1 1 1 1 1 1 1 1 1 1 1 1 1 1 1 1 1 1 1 1
"023_Group23" 1 1 1 1 1 1 1 1 1 1 1 1 1 1 1 1 1 1 1 1 1 1 1 1 1 1 1 1 1 1
"024_Group24" 1 1 1 1 1 1 1 1 1 1 1 1 1 1 1 1 1 1 1 1 1 1 1 1 1 1 1 1 1 1
"025_Group25" 1 1 1 1 1 1 1 1 1 1 1 1 1 1 1 1 1 1 1 1 1 1 1 1 1 1 1 1 1 1
"026_Group26" 1 1 1 1 1 1 1 1 1 1 1 1 1 1 1 1 1 1 1 1 1 1 1 1 1 1 1 1 1 1
"027_Group27" 1 1 1 1 1 1 1 1 1 1 1 1 1 1 1 1 1 1 1 1 1 1 1 1 1 1 1 1 1 1
"028_Group28" 1 1 1 1 1 1 1 1 1 1 1 1 1 1 1 1 1 1 1 1 1 1 1 1 1 1 1 1 1 1
"029_Group29" 1 1 1 1 1 1 1 1 1 1 1 1 1 1 1 1 1 1 1 1 1 1 1 1 1 1 1 1 1 1
"030_Group30" 1 1 1 1 1 1 1 1 1 1 1 1 1 1 1 1 1 1 1 1 1 1 1 1 1 1 1 1 1 1
"031_Group31" 1 1 1 1 1 1 1 1 1 1 1 1 1 1 1 1 1 1 1 1 1 1 1 1 1 1 1 1 1 1
"032_Group32" 1 1 1 1 1 1 1 1 1 1 1 1 1 1 1 1 1 1 1 1 1 1 1 1 1 1 1 1 1 1
"033_Group33" 1 1 1 1 1 1 1 1 1 1 1 1 1 1 1 1 1 1 1 1 1 1 1 1 1 1 1 1 1 1
"034_Group34" 1 1 1 1 1 1 1 1 1 1 1 1 1 1 1 1 1 1 1 1 1 1 1 1 1 1 1 1 1 1
"035_Group35" 1 1 1 1 1 1 1 1 1 1 1 1 1 1 1 1 1 1 1 1 1 1 1 1 1 1 1 1 1 1
"036_Group36" 1 1 1 1 1 1 1 1 1 1 1 1 1 1 1 1 1 1 1 1 1 1 1 1 1 1 1 1 1 1
"037_Group37" 1 1 1 1 1 1 1 1 1 1 1 1 1 1 1 1 1 1 1 1 1 1 1 1 1 1 1 1 1 1
"038_Group38" 1 1 1 1 1 1 1 1 1 1 1 1 1 1 1 1 1 1 1 1 1 1 1 1 1 1 1 1 1 1
"039_Group39" 1 1 1 1 1 1 1 1 1 1 1 1 1 1 1 1 1 1 1 1 1 1 1 1 1 1 1 1 1 1
"040_Group40" 1 1 1 1 1 1 1 1 1 1 1 1 1 1 1 1 1 1 1 1 1 1 1 1 1 1 1 1 1 1
"041_Group41" 1 1 1 1 1 1 1 1 1 1 1 1 1 1 1 1 1 1 1 1 1 1 1 1 1 1 1 1 1 1
"042_Group42" 1 1 1 1 1 1 1 1 1 1 1 1 1 1 1 1 1 1 1 1 1 1 1 1 1 1 1 1 1 1
"043_Group43" 1 1 1 1 1 1 1 1 1 1 1 1 1 1 1 1 1 1 1 1 1 1 1 1 1 1 1 1 1 1
"044_Group44" 1 1 1 1 1 1 1 1 1 1 1 1 1 1 1 1 1 1 1 1 1 1 1 1 1 1 1 1 1 1
"045_Group45" 1 1 1 1 1 1 1 1 1 1 1 1 1 1 1 1 1 1 1 1 1 1 1 1 1 1 1 1 1 1
"046_Group46" 1 1 1 1 1 1 1 1 1 1 1 1 1 1 1 1 1 1 1 1 1 1 1 1 1 1 1 1 1 1
"047_Group47" 1 1 1 1 1 1 1 1 1 1 1 1 1 1 1 1 1 1 1 1 1 1 1 1 1 1 1 1 1 1
"048_Group48" 1 1 1 1 1 1 1 1 1 1 1 1 1 1 1 1 1 1 1 1 1 1 1 1 1 1 1 1 1 1
"049_Group49" 1 1 1 1 1 1 1 1 1 1 1 1 1 1 1 1 1 1 1 1 1 1 1 1 1 1 1 1 1 1
"050_Group50" 1 1 1 1 1 1 1 1 1 1 1 1 1 1 1 1 1 1 1 1 1 1 1 1 1 1 1 1 1 1
"051_Group51" 1 1 1 1 1 1 1 1 1 1 1 1 1 1 1 1 1 1 1 1 1 1 1 1 1 1 1 1 1 1
"052_Group52" 1 1 1 1 1 1 1 1 1 1 1 1 1 1 1 1 1 1 1 1 1 1 1 1 1 1 1 1 1 1
"053_Group53" 1 1 1 1 1 1 1 1 1 1 1 1 1 1 1 1 1 1 1 1 1 1 1 1 1 1 1 1 1 1
"054_Group54" 1 1 1 1 1 1 1 1 1 1 1 1 1 1 1 1 1 1 1 1 1 1 1 1 1 1 1 1 1 1
"055_Group55" 1 1 1 1 1 1 1 1 1 1 1 1 1 1 1 1 1 1 1 1 1 1 1 1 1 1 1 1 1 1
"056_Group56" 1 1 1 1 1 1 1 1 1 1 1 1 1 1 1 1 1 1 1 1 1 1 1 1 1 1 1 1 1 1
"057_Group57" 1 1 1 1 1 1 1 1 1 1 1 1 1 1 1 1 1 1 1 1 1 1 1 1 1 1 1 1 1 1
"058_Group58" 1 1 1 1 1 1 1 1 1 1 1 1 1 1 1 1 1 1 1 1 1 1 1 1 1 1 1 1 1 1
"059_Group59" 1 1 1 1 1 1 1 1 1 1 1 1 1 1 1 1 1 1 1 1 1 1 1 1 1 1 1 1 1 1
"060_Group60" 1 1 1 1 1 1 1 1 1 1 1 1 1 1 1 1 1 1 1 1 1 1 1 1 1 1 1 1 1 1
"061_Group61" 1 1 1 1 1 1 1 1 1 1 1 1 1 1 1 1 1 1 1 1 1 1 1 1 1 1 1 1 1 1
"062_Group62" 1 1 1 1 1 1 1 1 1 1 1 1 1 1 1 1 1 1 1 1 1 1 1 1 1 1 1 1 1 1
"063_Group63" 1 1 1 1 1 1 1 1 1 1 1 1 1 1 1 1 1 1 1 1 1 1 1 1 1 1 1 1 1 1
"064_Group64" 1 1 1 1 1 1 1 1 1 1 1 1 1 1 1 1 1 1 1 1 1 1 1 1 1 1 1 1 1 1
"065_Group65" 1 1 1 1 1 1 1 1 1 1 1 1 1 1 1 1 1 1 1 1 1 1 1 1 1 1 1 1 1 1
"066_Group66" 1 1 1 1 1 1 1 1 1 1 1 1 1 1 1 1 1 1 1 1 1 1 1 1 1 1 1 1 1 1
"067_Group67" 1 1 1 1 1 1 1 1 1 1 1 1 1 1 1 1 1 1 1 1 1 1 1 1 1 1 1 1 1 1
"068_Group68" 1 1 1 1 1 1 1 1 1 1 1 1 1 1 1 1 1 1 1 1 1 1 1 1 1 1 1 1 1 1
"069_Group69" 1 1 1 1 1 1 1 1 1 1 1 1 1 1 1 1 1 1 1 1 1 1 1 1 1 1 1 1 1 1
"070_Group70" 1 1 1 1 1 1 1 1 1 1 1 1 1 1 1 1 1 1 1 1 1 1 1 1 1 1 1 1 1 1
"071_Group71" 1 1 1 1 1 1 1 1 1 1 1 1 1 1 1 1 1 1 1 1 1 1 1 1 1 1 1 1 1 1
"072_Group72" 1 1 1 1 1 1 1 1 1 1 1 1 1 1 1 1 1 1 1 1 1 1 1 1 1 1 1 1 1 1
"073_Group73" 1 1 1 1 1 1 1 1 1 1 1 1 1 1 1 1 1 1 1 1 1 1 1 1 1 1 1 1 1 1
"074_Group74" 1 1 1 1 1 1 1 1 1 1 1 1 1 1 1 1 1 1 1 1 1 1 1 1 1 1 1 1 1 1
"075_Group75" 1 1 1 1 1 1 1 1 1 1 1 1 1 1 1 1 1 1 1 1 1 1 1 1 1 1 1 1 1 1
"076_Group76" 1 1 1 1 1 1 1 1 1 1 1 1 1 1 1 1 1 1 1 1 1 1 1 1 1 1 1 1 1 1
"077_Group77" 1 1 1 1 1 1 1 1 1 1 1 1 1 1 1 1 1 1 1 1 1 1 1 1 1 1 1 1 1 1
"078_Group78" 1 1 1 1 1 1 1 1 1 1 1 1 1 1 1 1 1 1 1 1 1 1 1 1 1 1 1 1 1 1
"079_Group79" 1 1 1 1 1 1 1 1 1 1 1 1 1 1 1 1 1 1 1 1 1 1 1 1 1 1 1 1 1 1
"080_Group80" 1 1 1 1 1 1 1 1 1 1 1 1 1 1 1 1 1 1 1 1 1 1 1 1 1 1 1 1 1 1
"081_Group81" 1 1 1 1 1 1 1 1 1 1 1 1 1 1 1 1 1 1 1 1 1 1 1 1 1 1 1 1 1 1
"082_Group82" 1 1 1 1 1 1 1 1 1 1 1 1 1 1 1 1 1 1 1 1 1 1 1 1 1 1 1 1 1 1
"083_Group83" 1 1 1 1 1 1 1 1 1 1 1 1 1 1 1 1 1 1 1 1 1 1 1 1 1 1 1 1 1 1
"084_Group84" 1 1 1 1 1 1 1 1 1 1 1 1 1 1 1 1 1 1 1 1 1 1 1 1 1 1 1 1 1 1
"085_Group85" 1 1 1 1 1 1 1 1 1 1 1 1 1 1 1 1 1 1 1 1 1 1 1 1 1 1 1 1 1 1
"086_Group86" 1 1 1 1 1 1 1 1 1 1 1 1 1 1 1 1 1 1 1 1 1 1 1 1 1 1 1 1 1 1
"087_Group87" 1 1 1 1 1 1 1 1 1 1 1 1 1 1 1 1 1 1 1 1 1 1 1 1 1 1 1 1 1 1
"088_Group88" 1 1 1 1 1 1 1 1 1 1 1 1 1 1 1 1 1 1 1 1 1 1 1 1 1 1 1 1 1 1
"089_Group89" 1 1 1 1 1 1 1 1 1 1 1 1 1 1 1 1 1 1 1 1 1 1 1 1 1 1 1 1 1 1
"090_Group90" 1 1 1 1 1 1 1 1 1 1 1 1 1 1 1 1 1 1 1 1 1 1 1 1 1 1 1 1 1 1
"091_Group91" 1 1 1 1 1 1 1 1 1 1 1 1 1 1 1 1 1 1 1 1 1 1 1 1 1 1 1 1 1 1
"092_Group92" 1 1 1 1 1 1 1 1 1 1 1 1 1 1 1 1 1 1 1 1 1 1 1 1 1 1 1 1 1 1
"093_Group93" 1 1 1 1 1 1 1 1 1 1 1 1 1 1 1 1 1 1 1 1 1 1 1 1 1 1 1 1 1 1
"094_Group94" 1 1 1 1 1 1 1 1 1 1 1 1 1 1 1 1 1 1 1 1 1 1 1 1 1 1 1 1 1 1
"095_Group95" 1 1 1 1 1 1 1 1 1 1 1 1 1 1 1 1 1 1 1 1 1 1 1 1 1 1 1 1 1 1

"<<<<<< Number of Samples per Acquisition Interval [1unit=500values] >>>>>>"
Time[m] 2 4 6 8 10 12 14 16 18 20 22 24 26 28 30 32 34 36 38 40 42 44 46 48 50 52 54 56 58 60 
#Samples 2 2 2 2 2 2 2 2 2 2 2 2 2 2 2 2 2 2 2 2 2 2 2 2 2 2 2 2 2 2 

"<<<<<< Average Temperature [°C] >>>>>>"
Time[m] 2 4 6 8 10 12 14 16 18 20 22 24 26 28 30 32 34 36 38 40 42 44 46 48 50 52 54 56 58 60 
Temp[°C] 21.1 21.1 21.1 21.1 21.1 21.1 21.1 21.1 21.1 21.1 21.1 21.1 21.1 21.1 21.1 21.1 21.1 21.1 21.1 21.1 21.1 21.1 21.1 21.1 21.1 21.1 21.1 21.1 21.2 21.1 

"<<<<<< Well Activity >>>>>>"
Well Group/Time[m] 2 4 6 8 10 12 14 16 18 20 22 24 26 28 30 32 34 36 38 40 42 44 46 48 50 52 54 56 58 60
A1 "000_Group0" 22 38 25 24 31 28 16 16 22 17 18 17 24 17 20 27 18 25 25 19 34 30 32 15 27 26 26 19 10 19
B1 "001_Group1" 22 26 32 25 31 32 20 26 26 21 24 23 27 18 25 27 23 23 31 14 27 24 21 26 22 21 23 18 29 32
C1 "002_Group2" 16 21 28 25 29 28 23 28 25 24 27 30 30 22 25 20 16 18 21 24 15 24 26 28 31 24 26 26 25 21
D1 "003_Group3" 28 23 24 23 26 21 18 14 33 27 25 27 31 34 32 26 25 28 31 25 23 25 21 27 30 27 22 27 17 16
E1 "004_Group4" 33 34 29 29 25 26 24 28 27 27 22 17 28 20 24 24 18 25 22 28 24 24 30 24 28 31 27 27 26 15
F1 "005_Group5" 24 32 35 21 29 36 21 22 23 15 20 24 25 25 28 21 25 26 18 20 14 15 27 22 22 25 21 30 24 27
G1 "006_Group6" 22 34 38 27 34 26 23 33 35 27 27 26 25 24 30 18 25 19 22 21 18 18 25 26 25 25 23 25 31 21
H1 "007_Group7" 38 30 32 35 28 26 24 21 24 24 20 23 30 23 22 17 9 10 14 15 22 20 20 13 24 17 12 20 10 9
A2 "008_Group8" 19 25 32 30 30 24 28 23 21 20 16 24 24 21 22 25 18 22 18 17 17 29 25 19 28 17 22 8 21 28
B2 "009_Group9" 13 26 30 28 41 30 24 19 20 26 27 25 34 26 31 26 21 20 21 42 19 15 19 24 18 17 17 18 20 22
C2 "010_Group10" 22 27 22 20 27 29 26 29 22 29 29 36 26 29 21 31 30 22 26 27 22 32 18 15 17 16 21 22 27 26
D2 "011_Group11" 28 34 28 30 32 24 28 20 20 27 27 34 32 28 24 20 31 24 25 26 32 24 22 25 23 27 25 26 23 22
E2 "012_Group12" 34 28 25 35 34 26 25 23 29 30 24 29 30 23 18 23 25 32 27 23 22 25 24 34 24 22 24 28 24 30
F2 "013_Group13" 21 32 34 37 34 34 30 33 29 29 26 25 29 28 21 25 33 26 42 23 30 28 26 30 25 20 19 14 17 17
G2 "014_Group14" 27 28 35 32 31 22 22 23 17 25 23 23 22 21 24 23 19 23 21 31 21 24 18 26 17 18 25 17 28 28
H2 "015_Group15" 29 25 32 30 29 30 16 26 21 31 24 23 22 24 24 16 19 23 14 18 18 29 19 19 23 8 15 17 11 19
A3 "016_Group16" 9 24 36 32 34 26 20 29 32 47 30 33 29 27 20 32 39 33 36 19 22 29 36 41 24 32 46 38 35 42
B3 "017_Group17" 19 40 53 39 42 40 40 40 35 30 40 33 28 44 34 30 43 42 43 39 47 32 27 36 40 39 39 33 22 39
C3 "018_Group18" 22 19 20 22 35 44 23 27 41 45 38 22 25 28 47 27 27 34 40 43 38 35 37 29 45 30 21 28 29 26
D3 "019_Group19" 32 29 49 37 32 43 35 47 39 33 37 34 36 33 34 35 28 29 40 37 37 41 42 34 41 31 27 33 40 40
E3 "020_Group20" 42 52 45 43 29 34 42 30 50 44 31 27 40 37 29 33 37 33 28 39 39 19 27 22 28 29 35 42 36 24
F3 "021_Group21" 29 45 40 40 35 44 34 12 18 19 19 17 27 31 24 31 30 22 28 36 27 28 36 31 25 24 33 45 38 33
G3 "022_Group22" 25 35 46 36 30 35 41 38 33 31 29 23 25 23 17 24 30 27 40 36 37 28 30 41 47 38 41 29 33 21
H3 "023_Group23" 43 54 39 43 32 34 42 25 31 29 32 24 30 24 23 34 17 35 27 19 21 19 14 27 23 15 19 22 20 23
A4 "024_Group24" 26 27 33 32 17 19 16 18 29 27 25 18 20 22 28 21 22 20 20 23 21 20 25 23 29 25 22 21 28 22
B4 "025_Group25" 17 23 26 28 21 29 26 27 21 31 25 27 28 23 31 30 21 29 26 23 26 19 26 30 27 18 31 32 18 29
C4 "026_Group26" 23 31 20 28 31 23 22 22 24 23 20 19 18 22 24 23 22 22 22 20 25 18 22 18 21 18 24 22 28 22
D4 "027_Group27" 34 28 26 33 25 38 33 26 22 23 20 26 29 19 22 20 19 23 37 32 21 21 23 26 22 23 29 24 25 18
E4 "028_Group28" 24 36 31 26 20 29 22 13 22 16 24 26 26 25 21 23 22 18 23 22 21 24 24 27 29 27 28 17 18 19
F4 "029_Group29" 16 33 21 27 26 33 27 34 24 27 22 26 20 28 26 21 30 26 26 26 19 24 28 19 23 28 21 25 32 18
G4 "030_Group30" 22 28 19 23 19 25 15 16 22 20 18 23 26 22 24 29 25 25 28 25 27 19 18 25 23 24 19 31 29 22
H4 "031_Group31" 27 39 23 25 21 20 30 18 27 16 17 22 24 22 19 22 13 18 19 19 17 16 20 21 22 26 18 23 25 15
A5 "032_Group32" 29 28 26 11 8 13 21 31 25 21 33 33 17 22 33 48 34 46 26 34 34 23 46 45 38 36 30 24 30 21
B5 "033_Group33" 16 19 21 25 31 30 35 44 39 23 33 21 29 40 34 36 46 39 32 35 29 34 27 28 22 22 25 25 29 34
C5 "034_Group34" 38 44 36 32 29 30 45 43 35 45 32 22 32 25 16 21 25 30 32 41 37 23 29 19 31 28 24 34 24 24
D5 "035_Group35" 31 18 19 26 33 30 47 31 30 32 39 29 39 38 53 47 47 42 40 46 25 35 35 34 27 25 24 31 25 25
E5 "036_Group36" 35 55 37 37 47 46 47 39 41 41 37 39 38 28 36 28 24 17 33 29 21 20 31 23 45 38 33 38 36 37
F5 "037_Group37" 24 49 32 31 28 18 26 32 30 30 46 39 33 35 40 42 27 28 19 18 25 26 31 21 30 30 27 19 16 25
G5 "038_Group38" 13 33 39 44 43 18 19 26 24 27 32 37 29 23 45 40 36 30 29 24 33 26 28 33 37 29 35 32 23 22
H5 "039_Group39" 39 40 30 37 33 39 37 25 23 35 39 37 35 33 24 34 39 22 22 37 29 36 40 32 29 32 27 39 42 27
A6 "040_Group40" 35 33 37 37 29 21 25 29 17 28 24 21 29 44 34 23 30 32 27 32 30 28 26 21 21 29 23 23 27 22
B6 "041_Group41" 25 38 28 25 31 25 28 29 27 25 18 23 25 27 31 33 28 32 22 26 30 33 30 29 24 31 30 29 19 40
C6 "042_Group42" 26 25 19 20 32 30 33 29 29 24 35 36 27 27 31 18 33 30 40 28 27 23 21 19 25 21 22 28 25 23
D6 "043_Group43" 29 36 32 24 38 29 22 33 26 28 27 26 27 20 27 31 31 22 27 28 28 27 30 34 23 33 21 30 25 22
E6 "044_Group44" 38 39 37 31 36 33 30 21 31 31 39 23 26 31 31 25 24 28 27 23 23 33 32 37 30 19 31 25 20 26
F6 "045_Group45" 26 25 35 35 40 36 33 33 24 31 26 32 29 17 32 27 32 28 19 25 35 36 23 19 24 30 22 22 20 31
G6 "046_Group46" 20 30 45 42 30 26 24 24 37 38 33 38 46 37 31 38 29 32 26 30 15 22 27 26 29 24 23 22 26 23
H6 "047_Group47" 43 36 28 27 31 41 35 43 27 37 35 29 25 22 11 37 26 23 24 26 16 21 21 23 36 19 22 26 23 14
A7 "048_Group48" 24 22 25 27 25 20 24 19 33 28 24 31 27 30 24 16 22 31 35 21 22 22 30 25 27 26 24 39 30 20
B7 "049_Group49" 23 33 40 27 33 33 32 32 34 32 25 39 30 26 24 34 29 32 29 22 25 25 31 27 22 26 27 29 29 25
C7 "050_Group50" 20 24 24 39 36 32 32 29 35 28 35 31 35 24 18 26 26 24 25 19 23 36 31 23 23 27 27 22 25 18
D7 "051_Group51" 32 32 24 29 32 36 34 30 27 33 34 33 35 32 26 22 38 32 20 28 38 31 27 22 37 36 36 29 20 24
E7 "052_Group52" 46 36 27 20 25 22 22 28 26 36 35 31 25 32 28 32 31 27 34 34 23 25 27 33 31 26 30 31 30 31
F7 "053_Group53" 17 30 31 21 27 31 27 25 30 24 24 25 30 29 26 16 23 30 24 20 33 33 33 27 26 26 32 23 35 24
G7 "054_Group54" 24 32 29 34 30 35 32 33 38 32 38 28 29 23 20 24 21 23 25 20 31 31 21 28 24 33 34 31 27 30
H7 "055_Group55" 33 27 20 25 26 35 35 31 29 29 21 26 33 33 30 29 30 26 38 31 20 27 24 17 19 20 18 20 12 16
A8 "056_Group56" 22 27 22 20 25 22 28 25 30 25 26 27 25 31 29 24 20 22 25 36 27 26 21 25 25 32 34 27 29 21
B8 "057_Group57" 19 36 35 21 21 26 20 23 30 24 29 34 21 17 27 34 30 33 25 23 20 23 26 25 23 12 24 21 24 24
C8 "058_Group58" 19 28 20 19 26 28 22 22 25 30 30 21 25 20 29 29 29 21 28 31 26 26 30 26 31 24 25 19 28 20
D8 "059_Group59" 16 16 25 30 19 21 25 33 29 30 22 30 20 29 24 27 21 20 25 27 22 22 20 23 15 20 22 30 22 19
E8 "060_Group60" 25 25 26 23 19 27 28 29 24 21 23 24 23 26 32 23 29 24 19 28 23 26 20 15 18 22 14 17 13 24
F8 "061_Group61" 16 29 25 36 35 30 28 31 24 24 32 29 26 21 24 40 35 30 30 19 31 15 26 21 25 16 15 18 18 19
G8 "062_Group62" 23 24 27 34 21 28 37 25 26 26 33 31 23 23 30 23 25 24 24 21 22 28 25 21 29 21 18 21 22 19
H8 "063_Group63" 25 14 17 26 26 21 20 21 31 27 21 26 17 18 24 19 21 21 22 23 21 21 21 25 14 14 16 16 16 13
A9 "064_Group64" 44 21 31 25 27 21 26 28 19 28 27 28 30 39 31 32 22 26 24 19 24 23 29 30 34 27 23 29 31 29
B9 "065_Group65" 23 35 34 32 38 29 27 26 31 30 31 35 25 29 32 31 30 28 28 28 32 34 32 21 29 28 26 35 31 29
C9 "066_Group66" 23 32 33 29 42 25 25 37 35 27 27 26 23 31 22 20 22 27 39 27 35 24 25 29 25 30 29 30 31 32
D9 "067_Group67" 30 30 29 32 34 29 27 23 26 22 27 34 26 28 31 18 33 33 36 30 32 32 33 28 40 25 28 31 30 23
E9 "068_Group68" 22 29 44 33 24 30 21 19 31 33 28 22 29 38 38 42 27 26 30 17 15 21 20 21 30 34 21 30 20 26
F9 "069_Group69" 10 41 25 27 32 36 33 36 30 27 29 15 19 29 36 28 20 31 27 21 29 27 32 28 19 22 25 19 23 32
G9 "070_Group70" 28 31 40 40 33 27 27 25 32 26 23 18 28 21 35 25 23 25 34 25 22 15 23 18 22 22 27 25 27 20
H9 "071_Group71" 32 36 30 36 31 31 21 30 25 27 28 25 28 21 17 20 20 23 19 35 17 25 25 23 31 23 30 24 26 18
A10 "072_Group72" 28 31 26 38 43 39 38 36 30 35 40 40 30 46 42 44 45 34 44 27 41 39 35 36 43 40 34 48 28 32
B10 "073_Group73" 7 23 37 40 30 37 35 23 36 37 41 46 45 33 32 26 34 20 37 25 24 33 25 29 26 35 24 45 39 28
C10 "074_Group74" 29 44 38 43 38 36 43 45 46 36 39 23 41 36 32 34 27 28 31 33 32 47 35 33 36 38 32 31 27 34
D10 "075_Group75" 42 39 36 42 46 42 33 35 39 43 35 42 44 34 34 35 41 44 35 34 40 36 29 31 30 39 32 26 24 25
E10 "076_Group76" 43 36 30 29 23 31 38 27 41 32 31 34 34 44 21 26 29 27 33 19 16 30 29 29 31 17 26 25 33 27
F10 "077_Group77" 7 38 45 38 38 43 49 44 42 39 30 30 33 44 37 32 39 35 33 44 31 30 41 40 36 34 40 21 37 25
G10 "078_Group78" 21 39 32 32 31 32 32 41 41 31 33 36 26 40 21 24 32 23 26 27 29 35 29 27 26 34 29 32 28 30
H10 "079_Group79" 27 42 40 32 32 29 24 36 38 41 42 33 27 35 32 31 28 39 31 32 25 31 39 27 28 24 36 30 20 30
A11 "080_Group80" 33 33 22 14 28 19 32 29 31 29 23 21 21 21 19 24 23 24 27 22 18 25 23 25 25 23 31 16 22 20
B11 "081_Group81" 16 25 28 43 27 26 28 30 24 20 17 30 21 29 34 22 27 19 23 25 26 31 25 24 28 28 28 23 24 22
C11 "082_Group82" 26 32 21 26 29 21 24 26 27 24 25 30 28 22 24 30 21 25 18 21 21 23 18 24 23 30 19 27 25 25
D11 "083_Group83" 31 28 25 30 25 20 23 25 30 25 19 29 22 35 30 28 28 23 23 26 26 27 27 21 18 27 22 28 30 28
E11 "084_Group84" 29 27 32 21 28 27 27 29 31 31 27 23 29 29 33 27 24 21 25 31 24 18 25 24 21 21 19 25 25 24
F11 "085_Group85" 21 32 26 19 28 24 24 26 25 23 38 27 21 33 27 20 23 30 26 27 34 18 19 18 24 22 22 21 24 23
G11 "086_Group86" 28 27 33 28 24 25 33 27 24 31 38 24 36 22 27 22 26 29 25 24 23 27 17 22 27 24 18 24 25 21
H11 "087_Group87" 30 31 23 34 35 33 19 21 15 21 21 20 23 29 20 22 24 23 18 28 21 18 16 14 18 22 16 21 15 12
A12 "088_Group88" 23 33 27 35 26 28 26 26 26 19 23 21 33 35 30 29 30 34 24 29 26 20 29 24 33 21 27 20 28 26
B12 "089_Group89" 25 24 24 32 25 18 27 33 32 23 30 38 24 25 35 27 26 27 26 34 28 29 16 28 29 33 26 23 23 28
C12 "090_Group90" 33 30 26 24 29 33 24 33 36 30 26 33 25 32 13 14 24 21 22 27 25 23 26 26 31 30 24 29 24 32
D12 "091_Group91" 24 22 25 26 22 29 30 24 22 31 28 29 22 25 16 27 28 26 25 26 23 20 32 23 30 31 27 25 27 21
E12 "092_Group92" 21 33 32 30 25 21 24 26 28 19 25 33 26 23 22 20 24 20 24 21 27 18 17 19 27 25 19 23 22 16
F12 "093_Group93" 19 33 26 21 28 21 34 35 20 22 38 21 31 32 30 25 22 19 20 16 19 23 22 36 27 30 24 27 18 21
G12 "094_Group94" 21 27 28 25 28 35 28 33 23 22 19 18 21 20 21 17 24 18 24 25 28 23 26 25 32 18 22 22 15 15
H12 "095_Group95" 29 19 31 28 19 33 24 26 23 18 27 37 31 26 26 27 18 24 18 28 25 21 25 18 27 22 18 11 21 21

"<<<<<< Channel Activity >>>>>>"
Channel Well Group/Time[m] 2 4 6 8 10 12 14 16 18 20 22 24 26 28 30 32 34 36 38 40 42 44 46 48 50 52 54 56 58 60
CH0 A1.0 "000_Group0" 22 38 25 24 31 28 16 16 22 17 18 17 24 17 20 27 18 25 25 19 34 30 32 15 27 26 26 19 10 19
CH2 B1.0 "001_Group1" 22 26 32 25 31 32 20 26 26 21 24 23 27 18 25 27 23 23 31 14 27 24 21 26 22 21 23 18 29 32
CH4 C1.0 "002_Group2" 16 21 28 25 29 28 23 28 25 24 27 30 30 22 25 20 16 18 21 24 15 24 26 28 31 24 26 26 25 21
CH6 D1.0 "003_Group3" 28 23 24 23 26 21 18 14 33 27 25 27 31 34 32 26 25 28 31 25 23 25 21 27 30 27 22 27 17 16
CH8 E1.0 "004_Group4" 33 34 29 29 25 26 24 28 27 27 22 17 28 20 24 24 18 25 22 28 24 24 30 24 28 31 27 27 26 15
CH10 F1.0 "005_Group5" 24 32 35 21 29 36 21 22 23 15 20 24 25 25 28 21 25 26 18 20 14 15 27 22 22 25 21 30 24 27
CH12 G1.0 "006_Group6" 22 34 38 27 34 26 23 33 35 27 27 26 25 24 30 18 25 19 22 21 18 18 25 26 25 25 23 25 31 21
CH14 H1.0 "007_Group7" 38 30 32 35 28 26 24 21 24 24 20 23 30 23 22 17 9 10 14 15 22 20 20 13 24 17 12 20 10 9
CH32 A2.0 "008_Group8" 19 25 32 30 30 24 28 23 21 20 16 24 24 21 22 25 18 22 18 17 17 29 25 19 28 17 22 8 21 28
CH34 B2.0 "009_Group9" 13 26 30 28 41 30 24 19 20 26 27 25 34 26 31 26 21 20 21 42 19 15 19 24 18 17 17 18 20 22
CH36 C2.0 "010_Group10" 22 27 22 20 27 29 26 29 22 29 29 36 26 29 21 31 30 22 26 27 22 32 18 15 17 16 21 22 27 26
CH38 D2.0 "011_Group11" 28 34 28 30 32 24 28 20 20 27 27 34 32 28 24 20 31 24 25 26 32 24 22 25 23 27 25 26 23 22
CH40 E2.0 "012_Group12" 34 28 25 35 34 26 25 23 29 30 24 29 30 23 18 23 25 32 27 23 22 25 24 34 24 22 24 28 24 30
CH42 F2.0 "013_Group13" 21 32 34 37 34 34 30 33 29 29 26 25 29 28 21 25 33 26 42 23 30 28 26 30 25 20 19 14 17 17
CH44 G2.0 "014_Group14" 27 28 35 32 31 22 22 23 17 25 23 23 22 21 24 23 19 23 21 31 21 24 18 26 17 18 25 17 28 28
CH46 H2.0 "015_Group15" 29 25 32 30 29 30 16 26 21 31 24 23 22 24 24 16 19 23 14 18 18 29 19 19 23 8 15 17 11 19
CH64 A3.0 "016_Group16" 9 24 36 32 34 26 20 29 32 47 30 33 29 27 20 32 39 33 36 19 22 29 36 41 24 32 46 38 35 42
CH66 B3.0 "017_Group17" 19 40 53 39 42 40 40 40 35 30 40 33 28 44 34 30 43 42 43 39 47 32 27 36 40 39 39 33 22 39
CH68 C3.0 "018_Group18" 22 19 20 22 35 44 23 27 41 45 38 22 25 28 47 27 27 34 40 43 38 35 37 29 45 30 21 28 29 26
CH70 D3.0 "019_Group19" 32 29 49 37 32 43 35 47 39 33 37 34 36 33 34 35 28 29 40 37 37 41 42 34 41 31 27 33 40 40
CH72 E3.0 "020_Group20" 42 52 45 43 29 34 42 30 50 44 31 27 40 37 29 33 37 33 28 39 39 19 27 22 28 29 35 42 36 24
CH74 F3.0 "021_Group21" 29 45 40 40 35 44 34 12 18 19 19 17 27 31 24 31 30 22 28 36 27 28 36 31 25 24 33 45 38 33
CH76 G3.0 "022_Group22" 25 35 46 36 30 35 41 38 33 31 29 23 25 23 17 24 30 27 40 36 37 28 30 41 47 38 41 29 33 21
CH78 H3.0 "023_Group23" 43 54 39 43 32 34 42 25 31 29 32 24 30 24 23 34 17 35 27 19 21 19 14 27 23 15 19 22 20 23
CH96 A4.0 "024_Group24" 26 27 33 32 17 19 16 18 29 27 25 18 20 22 28 21 22 20 20 23 21 20 25 23 29 25 22 21 28 22
CH98 B4.0 "025_Group25" 17 23 26 28 21 29 26 27 21 31 25 27 28 23 31 30 21 29 26 23 26 19 26 30 27 18 31 32 18 29
CH100 C4.0 "026_Group26" 23 31 20 28 31 23 22 22 24 23 20 19 18 22 24 23 22 22 22 20 25 18 22 18 21 18 24 22 28 22
CH102 D4.0 "027_Group27" 34 28 26 33 25 38 33 26 22 23 20 26 29 19 22 20 19 23 37 32 21 21 23 26 22 23 29 24 25 18
CH104 E4.0 "028_Group28" 24 36 31 26 20 29 22 13 22 16 24 26 26 25 21 23 22 18 23 22 21 24 24 27 29 27 28 17 18 19
CH106 F4.0 "029_Group29" 16 33 21 27 26 33 27 34 24 27 22 26 20 28 26 21 30 26 26 26 19 24 28 19 23 28 21 25 32 18
CH108 G4.0 "030_Group30" 22 28 19 23 19 25 15 16 22 20 18 23 26 22 24 29 25 25 28 25 27 19 18 25 23 24 19 31 29 22
CH110 H4.0 "031_Group31" 27 39 23 25 21 20 30 18 27 16 17 22 24 22 19 22 13 18 19 19 17 16 20 21 22 26 18 23 25 15
CH128 A5.0 "032_Group32" 29 28 26 11 8 13 21 31 25 21 33 33 17 22 33 48 34 46 26 34 34 23 46 45 38 36 30 24 30 21
CH130 B5.0 "033_Group33" 16 19 21 25 31 30 35 44 39 23 33 21 29 40 34 36 46 39 32 35 29 34 27 28 22 22 25 25 29 34
CH132 C5.0 "034_Group34" 38 44 36 32 29 30 45 43 35 45 32 22 32 25 16 21 25 30 32 41 37 23 29 19 31 28 24 34 24 24
CH134 D5.0 "035_Group35" 31 18 19 26 33 30 47 31 30 32 39 29 39 38 53 47 47 42 40 46 25 35 35 34 27 25 24 31 25 25
CH136 E5.0 "036_Group36" 35 55 37 37 47 46 47 39 41 41 37 39 38 28 36 28 24 17 33 29 21 20 31 23 45 38 33 38 36 37
CH138 F5.0 "037_Group37" 24 49 32 31 28 18 26 32 30 30 46 39 33 35 40 42 27 28 19 18 25 26 31 21 30 30 27 19 16 25
CH140 G5.0 "038_Group38" 13 33 39 44 43 18 19 26 24 27 32 37 29 23 45 40 36 30 29 24 33 26 28 33 37 29 35 32 23 22
CH142 H5.0 "039_Group39" 39 40 30 37 33 39 37 25 23 35 39 37 35 33 24 34 39 22 22 37 29 36 40 32 29 32 27 39 42 27
CH160 A6.0 "040_Group40" 35 33 37 37 29 21 25 29 17 28 24 21 29 44 34 23 30 32 27 32 30 28 26 21 21 29 23 23 27 22
CH162 B6.0 "041_Group41" 25 38 28 25 31 25 28 29 27 25 18 23 25 27 31 33 28 32 22 26 30 33 30 29 24 31 30 29 19 40
CH164 C6.0 "042_Group42" 26 25 19 20 32 30 33 29 29 24 35 36 27 27 31 18 33 30 40 28 27 23 21 19 25 21 22 28 25 23
CH166 D6.0 "043_Group43" 29 36 32 24 38 29 22 33 26 28 27 26 27 20 27 31 31 22 27 28 28 27 30 34 23 33 21 30 25 22
CH168 E6.0 "044_Group44" 38 39 37 31 36 33 30 21 31 31 39 23 26 31 31 25 24 28 27 23 23 33 32 37 30 19 31 25 20 26
CH170 F6.0 "045_Group45" 26 25 35 35 40 36 33 33 24 31 26 32 29 17 32 27 32 28 19 25 35 36 23 19 24 30 22 22 20 31
CH172 G6.0 "046_Group46" 20 30 45 42 30 26 24 24 37 38 33 38 46 37 31 38 29 32 26 30 15 22 27 26 29 24 23 22 26 23
CH174 H6.0 "047_Group47" 43 36 28 27 31 41 35 43 27 37 35 29 25 22 11 37 26 23 24 26 16 21 21 23 36 19 22 26 23 14
CH192 A7.0 "048_Group48" 24 22 25 27 25 20 24 19 33 28 24 31 27 30 24 16 22 31 35 21 22 22 30 25 27 26 24 39 30 20
CH194 B7.0 "049_Group49" 23 33 40 27 33 33 32 32 34 32 25 39 30 26 24 34 29 32 29 22 25 25 31 27 22 26 27 29 29 25
CH196 C7.0 "050_Group50" 20 24 24 39 36 32 32 29 35 28 35 31 35 24 18 26 26 24 25 19 23 36 31 23 23 27 27 22 25 18
CH198 D7.0 "051_Group51" 32 32 24 29 32 36 34 30 27 33 34 33 35 32 26 22 38 32 20 28 38 31 27 22 37 36 36 29 20 24
CH200 E7.0 "052_Group52" 46 36 27 20 25 22 22 28 26 36 35 31 25 32 28 32 31 27 34 34 23 25 27 33 31 26 30 31 30 31
CH202 F7.0 "053_Group53" 17 30 31 21 27 31 27 25 30 24 24 25 30 29 26 16 23 30 24 20 33 33 33 27 26 26 32 23 35 24
CH204 G7.0 "054_Group54" 24 32 29 34 30 35 32 33 38 32 38 28 29 23 20 24 21 23 25 20 31 31 21 28 24 33 34 31 27 30
CH206 H7.0 "055_Group55" 33 27 20 25 26 35 35 31 29 29 21 26 33 33 30 29 30 26 38 31 20 27 24 17 19 20 18 20 12 16
CH224 A8.0 "056_Group56" 22 27 22 20 25 22 28 25 30 25 26 27 25 31 29 24 20 22 25 36 27 26 21 25 25 32 34 27 29 21
CH226 B8.0 "057_Group57" 19 36 35 21 21 26 20 23 30 24 29 34 21 17 27 34 30 33 25 23 20 23 26 25 23 12 24 21 24 24
CH228 C8.0 "058_Group58" 19 28 20 19 26 28 22 22 25 30 30 21 25 20 29 29 29 21 28 31 26 26 30 26 31 24 25 19 28 20
CH230 D8.0 "059_Group59" 16 16 25 30 19 21 25 33 29 30 22 30 20 29 24 27 21 20 25 27 22 22 20 23 15 20 22 30 22 19
CH232 E8.0 "060_Group60" 25 25 26 23 19 27 28 29 24 21 23 24 23 26 32 23 29 24 19 28 23 26 20 15 18 22 14 17 13 24
CH234 F8.0 "061_Group61" 16 29 25 36 35 30 28 31 24 24 32 29 26 21 24 40 35 30 30 19 31 15 26 21 25 16 15 18 18 19
CH236 G8.0 "062_Group62" 23 24 27 34 21 28 37 25 26 26 33 31 23 23 30 23 25 24 24 21 22 28 25 21 29 21 18 21 22 19
CH238 H8.0 "063_Group63" 25 14 17 26 26 21 20 21 31 27 21 26 17 18 24 19 21 21 22 23 21 21 21 25 14 14 16 16 16 13
CH256 A9.0 "064_Group64" 44 21 31 25 27 21 26 28 19 28 27 28 30 39 31 32 22 26 24 19 24 23 29 30 34 27 23 29 31 29
CH258 B9.0 "065_Group65" 23 35 34 32 38 29 27 26 31 30 31 35 25 29 32 31 30 28 28 28 32 34 32 21 29 28 26 35 31 29
CH260 C9.0 "066_Group66" 23 32 33 29 42 25 25 37 35 27 27 26 23 31 22 20 22 27 39 27 35 24 25 29 25 30 29 30 31 32
CH262 D9.0 "067_Group67" 30 30 29 32 34 29 27 23 26 22 27 34 26 28 31 18 33 33 36 30 32 32 33 28 40 25 28 31 30 23
CH264 E9.0 "068_Group68" 22 29 44 33 24 30 21 19 31 33 28 22 29 38 38 42 27 26 30 17 15 21 20 21 30 34 21 30 20 26
CH266 F9.0 "069_Group69" 10 41 25 27 32 36 33 36 30 27 29 15 19 29 36 28 20 31 27 21 29 27 32 28 19 22 25 19 23 32
CH268 G9.0 "070_Group70" 28 31 40 40 33 27 27 25 32 26 23 18 28 21 35 25 23 25 34 25 22 15 23 18 22 22 27 25 27 20
CH270 H9.0 "071_Group71" 32 36 30 36 31 31 21 30 25 27 28 25 28 21 17 20 20 23 19 35 17 25 25 23 31 23 30 24 26 18
CH288 A10.0 "072_Group72" 28 31 26 38 43 39 38 36 30 35 40 40 30 46 42 44 45 34 44 27 41 39 35 36 43 40 34 48 28 32
CH290 B10.0 "073_Group73" 7 23 37 40 30 37 35 23 36 37 41 46 45 33 32 26 34 20 37 25 24 33 25 29 26 35 24 45 39 28
CH292 C10.0 "074_Group74" 29 44 38 43 38 36 43 45 46 36 39 23 41 36 32 34 27 28 31 33 32 47 35 33 36 38 32 31 27 34
CH294 D10.0 "075_Group75" 42 39 36 42 46 42 33 35 39 43 35 42 44 34 34 35 41 44 35 34 40 36 29 31 30 39 32 26 24 25
CH296 E10.0 "076_Group76" 43 36 30 29 23 31 38 27 41 32 31 34 34 44 21 26 29 27 33 19 16 30 29 29 31 17 26 25 33 27
CH298 F10.0 "077_Group77" 7 38 45 38 38 43 49 44 42 39 30 30 33 44 37 32 39 35 33 44 31 30 41 40 36 34 40 21 37 25
CH300 G10.0 "078_Group78" 21 39 32 32 31 32 32 41 41 31 33 36 26 40 21 24 32 23 26 27 29 35 29 27 26 34 29 32 28 30
CH302 H10.0 "079_Group79" 27 42 40 32 32 29 24 36 38 41 42 33 27 35 32 31 28 39 31 32 25 31 39 27 28 24 36 30 20 30
CH320 A11.0 "080_Group80" 33 33 22 14 28 19 32 29 31 29 23 21 21 21 19 24 23 24 27 22 18 25 23 25 25 23 31 16 22 20
CH322 B11.0 "081_Group81" 16 25 28 43 27 26 28 30 24 20 17 30 21 29 34 22 27 19 23 25 26 31 25 24 28 28 28 23 24 22
CH324 C11.0 "082_Group82" 26 32 21 26 29 21 24 26 27 24 25 30 28 22 24 30 21 25 18 21 21 23 18 24 23 30 19 27 25 25
CH326 D11.0 "083_Group83" 31 28 25 30 25 20 23 25 30 25 19 29 22 35 30 28 28 23 23 26 26 27 27 21 18 27 22 28 30 28
CH328 E11.0 "084_Group84" 29 27 32 21 28 27 27 29 31 31 27 23 29 29 33 27 24 21 25 31 24 18 25 24 21 21 19 25 25 24
CH330 F11.0 "085_Group85" 21 32 26 19 28 24 24 26 25 23 38 27 21 33 27 20 23 30 26 27 34 18 19 18 24 22 22 21 24 23
CH332 G11.0 "086_Group86" 28 27 33 28 24 25 33 27 24 31 38 24 36 22 27 22 26 29 25 24 23 27 17 22 27 24 18 24 25 21
CH334 H11.0 "087_Group87" 30 31 23 34 35 33 19 21 15 21 21 20 23 29 20 22 24 23 18 28 21 18 16 14 18 22 16 21 15 12
CH352 A12.0 "088_Group88" 23 33 27 35 26 28 26 26 26 19 23 21 33 35 30 29 30 34 24 29 26 20 29 24 33 21 27 20 28 26
CH354 B12.0 "089_Group89" 25 24 24 32 25 18 27 33 32 23 30 38 24 25 35 27 26 27 26 34 28 29 16 28 29 33 26 23 23 28
CH356 C12.0 "090_Group90" 33 30 26 24 29 33 24 33 36 30 26 33 25 32 13 14 24 21 22 27 25 23 26 26 31 30 24 29 24 32
CH358 D12.0 "091_Group91" 24 22 25 26 22 29 30 24 22 31 28 29 22 25 16 27 28 26 25 26 23 20 32 23 30 31 27 25 27 21
CH360 E12.0 "092_Group92" 21 33 32 30 25 21 24 26 28 19 25 33 26 23 22 20 24 20 24 21 27 18 17 19 27 25 19 23 22 16
CH362 F12.0 "093_Group93" 19 33 26 21 28 21 34 35 20 22 38 21 31 32 30 25 22 19 20 16 19 23 22 36 27 30 24 27 18 21
CH364 G12.0 "094_Group94" 21 27 28 25 28 35 28 33 23 22 19 18 21 20 21 17 24 18 24 25 28 23 26 25 32 18 22 22 15 15
CH366 H12.0 "095_Group95" 29 19 31 28 19 33 24 26 23 18 27 37 31 26 26 27 18 24 18 28 25 21 25 18 27 22 18 11 21 21
